time, color, angle, distance, speed, color_dev, color_int, color_der, speed_dev, speed_int, speed_der
0, 34, 1.4, 863, 1392.3, 1.0, 1.0, 1.0, 663, 663.0, 663.0
59, 33, -0.4, 863, 1193.4, 0.0, 1.0, -1.0, 663, 1326.0, 0
113, 36, 4.300000000000001, 863, 1193.4, 3.0, 4.0, 3.0, 663, 1989.0, 0
167, 40, 8.700000000000001, 865, 1197.6, 7.0, 11.0, 4.0, 665, 2654.0, 2
221, 45, 14.4, 864, 1194.9, 12.0, 23.0, 5.0, 664, 3318.0, -1
277, 47, 15.9, 864, 1195.2, 14.0, 37.0, 2.0, 664, 3982.0, 0
331, 46, 14.9, 861, 1188.9, 13.0, 50.0, -1.0, 661, 4643.0, -3
385, 40, 8.300000000000001, 849, 1164.6, 7.0, 57.0, -6.0, 649, 5292.000000000001, -12
442, 26, -7.600000000000001, 834, 1136.7, -7.0, 50.0, -14.0, 634, 5926.0, -15
495, 16, -15.3, 826, 1124.4, -17.0, 33.0, -10.0, 626, 6552.0, -8
551, 8, -23.2, 817, 1107.9, -25.0, 8.0, -8.0, 617, 7169.0, -9
604, 10, -18.9, 808, 1091.7, -23.0, -15.0, 2.0, 608, 7777.0, -9
659, 19, -9.600000000000001, 800, 1077.6, -14.0, -29.0, 9.0, 600, 8377.000000000001, -8
714, 31, 1.3, 796, 1071.6, -2.0, -31.0, 12.0, 596, 8973.000000000001, -4
770, 41, 9.1, 774, 1026.6, 8.0, -23.0, 10.0, 574, 9547.000000000001, -22
827, 49, 16.1, 778, 1041.6, 16.0, -7.0, 8.0, 578, 10125.0, 4
880, 47, 10.9, 774, 1032.0, 14.0, 7.0, -2.0, 574, 10699.0, -4
934, 39, 2.100000000000001, 772, 1029.0, 6.0, 13.0, -8.0, 572, 11271.0, -2
989, 26, -11.5, 764, 1012.8, -7.0, 6.0, -13.0, 564, 11835.0, -8
1043, 21, -12.7, 756, 998.4000000000002, -12.0, -6.0, -5.0, 556, 12391.0, -8
1100, 25, -5.800000000000001, 756, 1000.8, -8.0, -14.0, 4.0, 556, 12947.0, 0
1153, 34, 4.0, 756, 1000.8, 1.0, -13.0, 9.0, 556, 13503.0, 0
1207, 40, 8.0, 756, 1000.8, 7.0, -6.0, 6.0, 556, 14059.0, 0
1261, 40, 5.7, 736, 958.8000000000001, 7.0, 1.0, 0.0, 536, 14595.0, -20
1315, 36, 0.8000000000000004, 720, 931.2000000000001, 3.0, 4.0, -4.0, 520, 15115.0, -16
1371, 38, 5.9, 714, 923.4000000000002, 5.0, 9.0, 2.0, 514, 15629.0, -6
1424, 32, -3.0, 704, 904.2, -1.0, 8.0, -6.0, 504, 16133.0, -10
1479, 24, -11.3, 698, 894.6, -9.0, -1.0, -8.0, 498, 16631.0, -6
1531, 21, -12.4, 689, 877.5, -12.0, -13.0, -3.0, 489, 17120.0, -9
1585, 27, -3.700000000000001, 676, 852.9000000000002, -6.0, -19.0, 6.0, 476, 17596.0, -13
1639, 33, 1.1, 639, 779.1, 0.0, -19.0, 6.0, 439, 18035.0, -37
1694, 40, 7.9, 668, 851.1000000000001, 7.0, -12.0, 7.0, 468, 18503.0, 29
1748, 41, 6.5, 660, 825.6, 8.0, -4.0, 1.0, 460, 18963.0, -8
1802, 37, 1.2, 644, 794.4000000000001, 4.0, 0.0, -4.0, 444, 19407.0, -16
1856, 42, 10.6, 643, 797.1, 9.0, 9.0, 5.0, 443, 19850.0, -1
1912, 38, 3.4, 630, 770.1000000000001, 5.0, 14.0, -4.0, 430, 20280.0, -13
1963, 32, -2.5, 616, 744.6000000000001, -1.0, 13.0, -6.0, 416, 20696.0, -14
2019, 22, -13.6, 609, 734.1, -11.0, 2.0, -10.0, 409, 21105.0, -7
2072, 21, -11.1, 605, 727.8, -12.0, -10.0, -1.0, 405, 21510.0, -4
2127, 25, -6.200000000000001, 590, 697.5000000000001, -8.0, -18.0, 4.0, 390, 21900.0, -15
2181, 33, 2.2, 590, 702.0, 0.0, -18.0, 8.0, 390, 22290.0, 0
2235, 36, 2.4, 554, 626.4000000000001, 3.0, -15.0, 3.0, 354, 22644.0, -36
2289, 40, 6.800000000000001, 573, 677.1000000000001, 7.0, -8.0, 4.0, 373, 23017.0, 19
2343, 47, 15.3, 546, 614.7, 14.0, 6.0, 7.0, 346, 23363.0, -27
2397, 47, 13.2, 553, 637.5, 14.0, 20.0, 0.0, 353, 23716.0, 7
2450, 28, -12.0, 523, 572.4, -5.0, 15.0, -19.0, 323, 24039.0, -30
2503, 20, -14.2, 523, 581.4, -13.0, 2.0, -8.0, 323, 24362.0, 0
2557, 13, -21.3, 509, 552.0, -20.0, -18.0, -7.0, 309, 24671.0, -14
2611, 19, -11.4, 518, 575.1, -14.0, -32.0, 6.0, 318, 24989.0, 9
2665, 31, 1.0, 499, 532.5, -2.0, -34.0, 12.0, 299, 25288.0, -19
2729, 44, 13.0, 479, 496.2, 11.0, -23.0, 13.0, 279, 25567.0, -20
2781, 42, 4.8, 483, 510.6000000000001, 9.0, -14.0, -2.0, 283, 25850.0, 4
2834, 53, 22.1, 469, 480.0, 20.0, 6.0, 11.0, 269, 26119.0, -14
2890, 54, 20.0, 454, 452.7, 21.0, 27.0, 1.0, 254, 26373.0, -15
2944, 37, -2.199999999999999, 456, 461.4000000000001, 4.0, 31.0, -17.0, 256, 26629.0, 2
3001, 23, -12.9, 439, 425.0999999999999, -10.0, 21.0, -14.0, 239, 26868.0, -17
3055, 13, -20.9, 425, 400.8, -20.0, 1.0, -10.0, 225, 27093.0, -14
3110, 11, -20.7, 420, 394.5, -22.0, -21.0, -2.0, 220, 27313.0, -5
3164, 22, -6.5, 406, 366.6, -11.0, -32.0, 11.0, 206, 27519.0, -14
3218, 36, 6.5, 403, 364.5, 3.0, -29.0, 14.0, 203, 27722.0, -3
3270, 48, 16.6, 391, 340.2, 15.0, -14.0, 12.0, 191, 27913.0, -12
3324, 62, 31.7, 389, 339.6, 29.0, 15.0, 14.0, 189, 28102.0, -2
3374, 57, 20.6, 391, 344.4, 24.0, 39.0, -5.0, 191, 28293.0, 2
3429, 35, -5.299999999999999, 374, 308.1, 2.0, 41.00000000000001, -22.0, 174, 28467.0, -17
3487, 16, -20.7, 366, 296.4, -17.0, 24.0, -19.0, 166, 28633.0, -8
3542, 8, -24.1, 364, 294.6, -25.0, -1.0, -8.0, 164, 28797.0, -2
3597, 7, -24.0, 336, 236.4, -26.0, -27.0, -1.0, 136, 28933.0, -28
3652, 25, -0.9000000000000004, 340, 253.2, -8.0, -35.0, 18.0, 140, 29073.0, 4
3705, 46, 18.7, 347, 266.7000000000001, 13.0, -22.0, 21.0, 147, 29220.0, 7
3760, 45, 8.100000000000001, 340, 249.9, 12.0, -10.0, -1.0, 140, 29360.0, -7
3813, 33, -7.0, 340, 252.0, 0.0, -10.0, -12.0, 140, 29500.0, 0
3867, 36, 3.2, 329, 228.9, 3.0, -7.0, 3.0, 129, 29629.0, -11
3924, 44, 13.2, 330, 234.3, 11.0, 4.0, 8.0, 130, 29759.0, 1
3981, 43, 8.9, 336, 246.6, 10.0, 14.0, -1.0, 136, 29895.0, 6
4038, 32, -5.0, 321, 213.3, -1.0, 13.0, -11.0, 121, 30016.0, -15
4093, 26, -8.0, 321, 217.8, -7.0, 6.0, -6.0, 121, 30137.0, 0
4149, 26, -5.7, 326, 228.3, -7.0, -1.0, 0.0, 126, 30263.0, 5
4201, 38, 10.4, 326, 226.8, 5.0, 4.0, 12.0, 126, 30389.0, 0
4260, 41, 9.100000000000001, 326, 226.8, 8.0, 12.0, 3.0, 126, 30515.0, 0
4314, 39, 5.600000000000001, 326, 226.8, 6.0, 18.0, -2.0, 126, 30641.0, 0
4369, 26, -11.0, 321, 216.3, -7.0, 11.0, -13.0, 121, 30762.0, -5
4423, 17, -17.8, 326, 228.3, -16.0, -5.0, -9.0, 126, 30888.0, 5
4476, 27, -0.9000000000000004, 326, 226.8, -6.0, -11.0, 10.0, 126, 31014.0, 0
4530, 41, 13.1, 326, 226.8, 8.0, -3.0, 14.0, 126, 31140.0, 0
4583, 47, 15.3, 321, 216.3, 14.0, 11.0, 6.0, 121, 31261.0, -5
4638, 43, 8.1, 326, 228.3, 10.0, 21.0, -4.0, 126, 31387.0, 5
4693, 30, -7.100000000000001, 326, 226.8, -3.0, 18.0, -13.0, 126, 31513.0, 0
4748, 20, -14.9, 322, 218.4, -13.0, 5.0, -10.0, 122, 31635.0, -4
4801, 17, -15.4, 303, 179.7, -16.0, -11.0, -3.0, 103, 31738.0, -19
4855, 27, -1.500000000000001, 322, 225.3, -6.0, -17.0, 10.0, 122, 31860.0, 19
4911, 32, -0.1000000000000001, 322, 219.6, -1.0, -18.0, 5.0, 122, 31982.0, 0
4966, 32, -2.7, 321, 217.5, -1.0, -19.0, 0.0, 121, 32103.0, -1
5020, 38, 5.6, 326, 228.3, 5.0, -14.0, 6.0, 126, 32229.0, 5
5074, 44, 11.5, 321, 216.3, 11.0, -3.0, 6.0, 121, 32350.0, -5
5127, 42, 6.800000000000001, 321, 217.8, 9.0, 6.0, -2.0, 121, 32471.0, 0
5181, 33, -3.9, 321, 217.8, 0.0, 6.0, -9.0, 121, 32592.0, 0
5235, 30, -3.600000000000001, 326, 228.3, -3.0, 3.0, -3.0, 126, 32718.0, 5
5290, 32, 0.3999999999999999, 326, 226.8, -1.0, 2.0, 2.0, 126, 32844.0, 0
5343, 37, 6.300000000000001, 326, 226.8, 4.0, 6.0, 5.0, 126, 32970.0, 0
5400, 40, 8.4, 321, 216.3, 7.0, 13.0, 3.0, 121, 33091.0, -5
5457, 39, 6.200000000000001, 321, 217.8, 6.0, 19.0, -1.0, 121, 33212.0, 0
5513, 29, -6.7, 320, 215.7, -4.0, 15.0, -10.0, 120, 33332.0, -1
5581, 20, -14.7, 320, 216.0, -13.0, 2.0, -9.0, 120, 33452.0, 0
5635, 21, -10.1, 321, 218.1, -12.0, -10.0, 1.0, 121, 33573.0, 1
5689, 31, 2.2, 322, 219.9, -2.0, -12.0, 10.0, 122, 33695.0, 1
5742, 34, 1.2, 303, 179.7, 1.0, -11.0, 3.0, 103, 33798.0, -19
5795, 34, -0.2, 303, 185.4, 1.0, -10.0, 0.0, 103, 33901.0, 0
5850, 36, 2.7, 321, 223.2, 3.0, -7.0, 2.0, 121, 34022.0, 18
5903, 37, 3.4, 326, 228.3, 4.0, -3.0, 1.0, 126, 34148.0, 5
5959, 37, 3.3, 322, 218.4, 4.0, 1.0, 0.0, 122, 34270.0, -4
6013, 37, 3.7, 303, 179.7, 4.0, 5.0, 0.0, 103, 34373.0, -19
6066, 39, 6.9, 308, 195.9, 6.0, 11.0, 2.0, 108, 34481.0, 5
6122, 38, 5.1, 322, 223.8, 5.0, 16.0, -1.0, 122, 34603.0, 14
6177, 36, 3.300000000000001, 322, 219.6, 3.0, 19.0, -2.0, 122, 34725.0, 0
6229, 34, 1.8, 322, 219.6, 1.0, 20.0, -2.0, 122, 34847.0, 0
6284, 35, 4.300000000000001, 322, 219.6, 2.0, 22.0, 1.0, 122, 34969.0, 0
6340, 36, 5.4, 321, 217.5, 3.0, 25.0, 1.0, 121, 35090.0, -1
6394, 31, -1.8, 321, 217.8, -2.0, 23.0, -5.0, 121, 35211.0, 0
6450, 21, -13.5, 321, 217.8, -12.0, 11.0, -10.0, 121, 35332.0, 0
6501, 21, -9.700000000000001, 321, 217.8, -12.0, -1.0, 0.0, 121, 35453.0, 0
6566, 26, -3.9, 322, 219.9, -7.0, -8.0, 5.0, 122, 35575.0, 1
6621, 32, 1.3, 321, 217.5, -1.0, -9.0, 6.0, 121, 35696.0, -1
6676, 36, 3.8, 320, 215.7, 3.0, -6.0, 4.0, 120, 35816.0, -1
6731, 42, 10.5, 304, 182.4, 9.0, 3.0, 6.0, 104, 35920.0, -16
6785, 36, 4.440892098500626e-16, 304, 187.2, 3.0, 6.0, -6.0, 104, 36024.0, 0
6839, 31, -3.7, 304, 187.2, -2.0, 4.0, -5.0, 104, 36128.0, 0
6892, 27, -7.000000000000001, 321, 222.9, -6.0, -2.0, -4.0, 121, 36249.0, 17
6947, 28, -4.2, 321, 217.8, -5.0, -7.0, 1.0, 121, 36370.0, 0
7001, 34, 3.2, 320, 215.7, 1.0, -6.0, 6.0, 120, 36490.0, -1
7054, 41, 10.1, 304, 182.4, 8.0, 2.0, 7.0, 104, 36594.0, -16
7111, 43, 10.2, 303, 185.1, 10.0, 12.0, 2.0, 103, 36697.0, -1
7164, 37, 1.800000000000001, 294, 166.5, 4.0, 16.0, -6.0, 94, 36791.0, -9
7220, 21, -17.2, 289, 158.7, -12.0, 4.0, -16.0, 89, 36880.0, -5
7273, 19, -13.2, 298, 179.1, -14.0, -10.0, -2.0, 98, 36978.0, 9
7328, 28, -1.0, 321, 224.7, -5.0, -15.0, 9.0, 121, 37099.0, 23
7380, 37, 6.6, 326, 228.3, 4.0, -11.0, 9.0, 126, 37225.0, 5
7434, 39, 5.300000000000001, 298, 168.0, 6.0, -5.0, 2.0, 98, 37323.0, -28
7493, 38, 3.5, 321, 224.7, 5.0, 0.0, -1.0, 121, 37444.0, 23
7548, 39, 5.9, 294, 161.1, 6.0, 6.0, 1.0, 94, 37538.0, -27
7602, 41, 8.800000000000001, 297, 175.5, 8.0, 14.0, 2.0, 97, 37635.0, 3
7659, 36, 1.600000000000001, 326, 235.5, 3.0, 17.0, -5.0, 126, 37761.0, 29
7713, 31, -2.6, 321, 216.3, -2.0, 15.0, -5.0, 121, 37882.0, -5
7766, 30, -1.7, 322, 219.9, -3.0, 12.0, -1.0, 122, 38004.0, 1
7820, 32, 1.3, 320, 215.4, -1.0, 11.0, 2.0, 120, 38124.0, -2
7873, 36, 5.800000000000001, 322, 220.2, 3.0, 14.0, 4.0, 122, 38246.0, 2
7924, 37, 5.5, 297, 167.1, 4.0, 18.0, 1.0, 97, 38343.0, -25
7978, 33, -0.2, 290, 159.9, 0.0, 18.0, -4.0, 90, 38433.0, -7
8030, 30, -2.4, 281, 143.1, -3.0, 15.0, -3.0, 81, 38514.0, -9
8083, 27, -5.4, 298, 181.5, -6.0, 9.0, -3.0, 98, 38612.0, 17
8138, 25, -7.300000000000001, 326, 235.2, -8.0, 1.0, -2.0, 126, 38738.0, 28
8191, 28, -2.9, 326, 226.8, -5.0, -4.0, 3.0, 126, 38864.0, 0
8248, 33, 2.1, 289, 149.1, 0.0, -4.0, 5.0, 89, 38953.0, -37
8301, 31, -3.2, 320, 225.3, -2.0, -6.0, -2.0, 120, 39073.0, 31
8355, 34, 1.8, 326, 228.6, 1.0, -5.0, 3.0, 126, 39199.0, 6
8409, 37, 4.6, 326, 226.8, 4.0, -1.0, 3.0, 126, 39325.0, 0
8461, 38, 4.9, 303, 178.5, 5.0, 4.0, 1.0, 103, 39428.0, -23
8515, 42, 10.5, 321, 223.2, 9.0, 13.0, 4.0, 121, 39549.0, 18
8569, 36, 1.0, 326, 228.3, 3.0, 16.0, -6.0, 126, 39675.0, 5
8623, 28, -6.9, 322, 218.4, -5.0, 11.0, -8.0, 122, 39797.0, -4
8679, 28, -3.4, 308, 190.2, -5.0, 6.0, 0.0, 108, 39905.0, -14
8734, 32, 1.7, 320, 219.6, -1.0, 5.0, 4.0, 120, 40025.0, 12
8787, 37, 6.600000000000001, 308, 190.8, 4.0, 9.0, 5.0, 108, 40133.0, -12
8841, 46, 17.1, 303, 183.9, 13.0, 22.0, 9.0, 103, 40236.0, -5
8897, 43, 9.699999999999999, 304, 187.5, 10.0, 32.0, -3.0, 104, 40340.0, 1
8950, 26, -11.6, 322, 225.0, -7.0, 25.0, -17.0, 122, 40462.0, 18
9004, 18, -15.0, 321, 217.5, -15.0, 10.0, -8.0, 121, 40583.0, -1
9058, 17, -13.9, 322, 219.9, -16.0, -6.0, -1.0, 122, 40705.0, 1
9115, 25, -3.800000000000001, 303, 179.7, -8.0, -14.0, 8.0, 103, 40808.0, -19
9167, 31, -0.2000000000000002, 304, 187.5, -2.0, -16.0, 6.0, 104, 40912.00000000001, 1
9220, 35, 2.2, 297, 172.5, 2.0, -14.0, 4.0, 97, 41009.0, -7
9273, 37, 3.2, 308, 197.7, 4.0, -10.0, 2.0, 108, 41117.0, 11
9324, 39, 5.4, 296, 169.2, 6.0, -4.0, 2.0, 96, 41213.00000000001, -12
