time, color, angle, distance, speed, color_dev, color_int, color_der, speed_dev, speed_int, speed_der
0, 16, -20.4, 872, 1008.0, -17.0, -17.0, -17.0, 672, 672.0, 672.0
55, 16, -13.6, 875, 810.9, -17.0, -34.0, 0.0, 675, 1347.0, 3
112, 18, -12.9, 864, 793.5, -15.0, -49.0, 2.0, 664, 2011.0, -11
170, 24, -8.199999999999999, 879, 819.3, -9.0, -58.00000000000001, 6.0, 679, 2690.0, 15
232, 31, -3.7, 895, 838.8, -2.0, -60.0, 7.0, 695, 3385.0, 16
282, 38, 1.0, 879, 810.0, 5.0, -55.0, 7.0, 679, 4064.0, -16
340, 50, 12.4, 864, 792.3, 17.0, -38.0, 12.0, 664, 4728.000000000001, -15
398, 49, 6.899999999999999, 855, 783.2999999999999, 16.0, -22.0, -1.0, 655, 5383.0, -9
448, 44, 3.0, 857, 789.0000000000001, 11.0, -11.0, -5.0, 657, 6040.0, 2
500, 39, 0.5999999999999996, 847, 773.4, 6.0, -5.0, -5.0, 647, 6687.000000000001, -10
560, 38, 2.5, 826, 744.9, 5.0, 0.0, -1.0, 626, 7313.0, -21
613, 42, 8.300000000000001, 816, 736.1999999999999, 9.0, 9.0, 4.0, 616, 7929.000000000001, -10
664, 46, 12.0, 796, 709.2, 13.0, 22.0, 4.0, 596, 8525.0, -20
719, 39, 2.9, 802, 724.1999999999999, 6.0, 28.0, -7.0, 602, 9127.000000000001, 6
772, 34, 1.0, 780, 689.4, 1.0, 29.0, -5.0, 580, 9707.000000000001, -22
830, 26, -6.0, 788, 708.0, -7.0, 22.0, -8.0, 588, 10295.0, 8
885, 20, -9.899999999999999, 787, 704.1, -13.0, 9.0, -6.0, 587, 10882.0, -1
941, 22, -5.8, 770, 678.9, -11.0, -2.0, 2.0, 570, 11452.0, -17
1000, 26, -3.100000000000001, 773, 688.5, -7.0, -9.0, 4.0, 573, 12025.0, 3
1054, 31, 0.2000000000000002, 770, 683.1, -2.0, -11.0, 5.0, 570, 12595.0, -3
1111, 37, 4.699999999999999, 764, 675.0, 4.0, -7.0, 6.0, 564, 13159.0, -6
1168, 41, 6.899999999999999, 756, 664.8, 8.0, 1.0, 4.0, 556, 13715.0, -8
1219, 37, 0.9, 750, 658.2000000000001, 4.0, 5.0, -4.0, 550, 14265.0, -6
1280, 33, -1.5, 750, 660.0000000000001, 0.0, 5.0, -4.0, 550, 14815.0, 0
1335, 31, -1.9, 750, 660.0000000000001, -2.0, 3.0, -2.0, 550, 15365.0, 0
1390, 29, -3.5, 744, 651.0, -4.0, -1.0, -2.0, 544, 15909.0, -6
1444, 31, -0.5, 744, 652.8, -2.0, -3.0, 2.0, 544, 16453.0, 0
1499, 35, 3.1, 728, 628.8000000000001, 2.0, -1.0, 4.0, 528, 16981.0, -16
1558, 35, 1.3, 705, 599.1000000000001, 2.0, 1.0, 0.0, 505, 17486.0, -23
1609, 32, -2.1, 720, 628.5, -1.0, 0.0, -3.0, 520, 18006.0, 15
1662, 35, 2.9, 595, 436.5, 2.0, 2.0, 3.0, 395, 18401.0, -125
1720, 38, 5.2, 698, 628.5, 5.0, 7.0, 3.0, 498, 18899.0, 103
1771, 42, 9.0, 544, 366.6, 9.0, 16.0, 4.0, 344, 19243.0, -154
1826, 39, 4.3, 681, 618.3, 6.0, 22.0, -3.0, 481, 19724.0, 137
1879, 33, -0.7999999999999998, 676, 569.6999999999999, 0.0, 22.0, -6.0, 476, 20200.0, -5
1938, 25, -7.399999999999999, 672, 565.1999999999999, -8.0, 14.0, -8.0, 472, 20672.0, -4
1991, 22, -7.8, 668, 560.4, -11.0, 3.0, -3.0, 468, 21140.0, -4
2049, 24, -5.0, 668, 561.6000000000001, -9.0, -6.0, 2.0, 468, 21608.0, 0
2101, 29, -0.9, 644, 525.5999999999999, -4.0, -10.0, 5.0, 444, 22052.0, -24
2159, 33, 1.0, 644, 532.7999999999999, 0.0, -10.0, 4.0, 444, 22496.0, 0
2213, 36, 2.6, 635, 519.3, 3.0, -7.0, 3.0, 435, 22931.0, -9
2269, 38, 3.8, 626, 508.5, 5.0, -2.0, 2.0, 426, 23357.0, -9
2323, 39, 4.5, 624, 508.2, 6.0, 4.0, 1.0, 424, 23781.0, -2
2378, 39, 4.6, 603, 477.3, 6.0, 10.0, 0.0, 403, 24184.0, -21
2437, 35, 0.4000000000000004, 609, 492.6, 2.0, 12.0, -4.0, 409, 24593.0, 6
2491, 31, -2.2, 599, 475.8, -2.0, 10.0, -4.0, 399, 24992.0, -10
2549, 31, -0.3999999999999999, 590, 465.3, -2.0, 8.0, 0.0, 390, 25382.0, -9
2604, 31, -0.5999999999999998, 586, 462.0, -2.0, 6.0, 0.0, 386, 25768.0, -4
2658, 31, -0.7999999999999999, 586, 463.2, -2.0, 4.0, 0.0, 386, 26154.0, 0
2713, 31, -1.0, 567, 434.7, -2.0, 2.0, 0.0, 367, 26521.0, -19
2770, 34, 2.4, 562, 432.9, 1.0, 3.0, 3.0, 362, 26883.0, -5
2823, 38, 5.8, 546, 410.4, 5.0, 8.0, 4.0, 346, 27229.0, -16
2882, 37, 3.1, 542, 409.2, 4.0, 12.0, -1.0, 342, 27571.0, -4
2939, 37, 4.0, 532, 395.4, 4.0, 16.0, 0.0, 332, 27903.0, -10
2993, 33, -0.3999999999999999, 519, 378.9000000000001, 0.0, 16.0, -4.0, 319, 28222.0, -13
3049, 29, -3.2, 504, 360.3, -4.0, 12.0, -4.0, 304, 28526.0, -15
3103, 26, -5.2, 504, 364.8, -7.0, 5.0, -3.0, 304, 28830.0, 0
3159, 24, -6.8, 506, 367.8, -9.0, -4.0, -2.0, 306, 29136.0, 2
3218, 30, 0.5, 498, 355.2, -3.0, -7.0, 6.0, 298, 29434.0, -8
3272, 34, 2.0, 474, 321.6, 1.0, -6.0, 4.0, 274, 29708.0, -24
3331, 39, 6.1, 475, 330.3, 6.0, 0.0, 5.0, 275, 29983.0, 1
3390, 44, 10.2, 455, 300.0, 11.0, 11.0, 5.0, 255, 30238.0, -20
3445, 41, 5.2, 456, 307.5, 8.0, 19.0, -3.0, 256, 30494.0, 1
3501, 35, 0.2999999999999998, 443, 287.7, 2.0, 21.0, -6.0, 243, 30737.0, -13
3559, 30, -2.5, 428, 269.1, -3.0, 18.0, -5.0, 228, 30965.0, -15
3613, 26, -5.1, 437, 287.1, -7.0, 11.0, -4.0, 237, 31202.0, 9
3666, 24, -6.199999999999999, 425, 266.4, -9.0, 2.0, -2.0, 225, 31427.0, -12
3727, 27, -2.5, 427, 273.0, -6.0, -4.0, 3.0, 227, 31654.0, 2
3781, 32, 1.4, 418, 258.9, -1.0, -5.0, 5.0, 218, 31872.0, -9
3836, 32, -1.2, 412, 252.6, -1.0, -6.0, 0.0, 212, 32084.0, -6
3891, 32, -1.3, 404, 242.4, -1.0, -7.0, 0.0, 204, 32288.0, -8
3944, 33, -0.2000000000000001, 399, 237.3, 0.0, -7.0, 1.0, 199, 32487.0, -5
3998, 35, 1.7, 399, 238.8, 2.0, -5.0, 2.0, 199, 32686.0, 0
4051, 37, 3.3, 401, 241.8, 4.0, -1.0, 2.0, 201, 32887.0, 2
4110, 37, 2.7, 391, 226.2, 4.0, 3.0, 0.0, 191, 33078.0, -10
4169, 36, 1.9, 374, 203.7, 3.0, 6.0, -1.0, 174, 33252.0, -17
4223, 32, -2.1, 385, 225.3, -1.0, 5.0, -4.0, 185, 33437.0, 11
4280, 31, -1.4, 376, 208.5, -2.0, 3.0, -1.0, 176, 33613.0, -9
4331, 31, -1.1, 372, 205.2, -2.0, 1.0, 0.0, 172, 33785.0, -4
4390, 35, 3.5, 376, 212.4, 2.0, 3.0, 4.0, 176, 33961.0, 4
4443, 34, 0.5, 370, 202.2, 1.0, 4.0, -1.0, 170, 34131.0, -6
4498, 32, -1.3, 372, 207.0, -1.0, 3.0, -2.0, 172, 34303.0, 2
4552, 32, -0.4, 361, 189.9, -1.0, 2.0, 0.0, 161, 34464.0, -11
4609, 34, 1.9, 357, 187.2, 1.0, 3.0, 2.0, 157, 34621.0, -4
4664, 36, 3.4, 366, 201.9, 3.0, 6.0, 2.0, 166, 34787.0, 9
4715, 36, 2.7, 357, 185.7, 3.0, 9.0, 0.0, 157, 34944.0, -9
4769, 34, 0.6000000000000001, 357, 188.4, 1.0, 10.0, -2.0, 157, 35101.0, 0
4821, 35, 2.9, 364, 198.9, 2.0, 12.0, 1.0, 164, 35265.0, 7
4874, 33, 0.2000000000000002, 357, 186.3, 0.0, 12.0, -2.0, 157, 35422.0, -7
4931, 32, 1.110223024625157e-16, 357, 188.4, -1.0, 11.0, -1.0, 157, 35579.0, 0
4987, 31, -0.7999999999999999, 361, 194.4, -2.0, 9.0, -1.0, 161, 35740.0, 4
5040, 31, -0.4999999999999999, 353, 181.2, -2.0, 7.0, 0.0, 153, 35893.0, -8
5099, 29, -3.1, 357, 189.6, -4.0, 3.0, -2.0, 157, 36050.0, 4
5153, 29, -2.5, 357, 188.4, -4.0, -1.0, 0.0, 157, 36207.0, 0
5212, 29, -2.9, 364, 198.9, -4.0, -5.0, 0.0, 164, 36371.0, 7
5272, 30, -2.1, 357, 186.3, -3.0, -8.0, 1.0, 157, 36528.0, -7
5323, 33, 0.7, 355, 185.4, 0.0, -8.0, 3.0, 155, 36683.0, -2
5379, 33, -0.8, 349, 177.0, 0.0, -8.0, 0.0, 149, 36832.0, -6
5430, 31, -3.2, 349, 178.8, -2.0, -10.0, -2.0, 149, 36981.0, 0
5480, 34, 1.2, 349, 178.8, 1.0, -9.0, 3.0, 149, 37130.0, 0
5533, 35, 1.0, 355, 187.8, 2.0, -7.0, 1.0, 155, 37285.0, 6
5589, 35, 0.7, 347, 174.0, 2.0, -5.0, 0.0, 147, 37432.0, -8
5643, 34, -0.3, 353, 185.4, 1.0, -4.0, -1.0, 153, 37585.0, 6
5701, 36, 2.7, 349, 177.6, 3.0, -1.0, 2.0, 149, 37734.0, -4
5757, 38, 4.4, 353, 184.8, 5.0, 4.0, 2.0, 153, 37887.0, 4
5811, 40, 6.300000000000001, 348, 176.1, 7.0, 11.0, 2.0, 148, 38035.0, -5
5866, 40, 6.0, 353, 185.1, 7.0, 18.0, 0.0, 153, 38188.0, 5
5920, 37, 3.1, 353, 183.6, 4.0, 22.0, -3.0, 153, 38341.0, 0
5978, 34, 1.4, 353, 183.6, 1.0, 23.0, -3.0, 153, 38494.0, 0
6036, 31, -0.5999999999999998, 353, 183.6, -2.0, 21.0, -3.0, 153, 38647.0, 0
6091, 28, -2.9, 353, 183.6, -5.0, 16.0, -3.0, 153, 38800.0, 0
6146, 28, -1.9, 353, 183.6, -5.0, 11.0, 0.0, 153, 38953.0, 0
6200, 27, -3.6, 349, 177.6, -6.0, 5.0, -1.0, 149, 39102.0, -4
6255, 30, -0.1, 353, 184.8, -3.0, 2.0, 3.0, 153, 39255.0, 4
6313, 28, -4.3, 349, 177.6, -5.0, -3.0, -2.0, 149, 39404.0, -4
6368, 28, -3.8, 349, 178.8, -5.0, -8.0, 0.0, 149, 39553.0, 0
6421, 30, -1.9, 349, 178.8, -3.0, -11.0, 2.0, 149, 39702.0, 0
6479, 31, -2.0, 362, 198.3, -2.0, -13.0, 1.0, 162, 39864.0, 13
6533, 33, -0.3, 345, 168.9, 0.0, -13.0, 2.0, 145, 40009.00000000001, -17
6589, 34, -0.1000000000000002, 353, 186.0, 1.0, -12.0, 1.0, 153, 40162.0, 8
6649, 39, 5.5, 348, 176.1, 6.0, -6.0, 5.0, 148, 40310.00000000001, -5
6704, 39, 3.6, 348, 177.6, 6.0, 0.0, 0.0, 148, 40458.0, 0
6762, 37, 1.8, 353, 185.1, 4.0, 4.0, -2.0, 153, 40611.00000000001, 5
6821, 33, -1.6, 357, 189.6, 0.0, 4.0, -4.0, 157, 40768.0, 4
6872, 35, 2.8, 353, 182.4, 2.0, 6.0, 2.0, 153, 40921.0, -4
6929, 36, 3.2, 366, 203.1, 3.0, 9.0, 1.0, 166, 41087.0, 13
6989, 33, -0.6, 355, 182.7, 0.0, 9.0, -3.0, 155, 41242.0, -11
7050, 30, -2.7, 355, 186.0, -3.0, 6.0, -3.0, 155, 41397.0, 0
7104, 30, -1.5, 353, 183.0, -3.0, 3.0, 0.0, 153, 41550.0, -2
7158, 31, -0.5999999999999998, 357, 189.6, -2.0, 1.0, 1.0, 157, 41707.0, 4
7209, 33, 1.1, 364, 198.9, 0.0, 1.0, 2.0, 164, 41871.0, 7
7267, 34, 1.3, 358, 187.8, 1.0, 2.0, 1.0, 158, 42029.00000000001, -6
7326, 35, 2.1, 349, 176.1, 2.0, 4.0, 1.0, 149, 42178.0, -9
7381, 34, 0.6000000000000001, 347, 175.8, 1.0, 5.0, -1.0, 147, 42325.0, -2
7439, 29, -4.8, 347, 176.4, -4.0, 1.0, -5.0, 147, 42472.0, 0
7493, 27, -5.1, 353, 185.4, -6.0, -5.0, -2.0, 153, 42625.0, 6
7551, 32, 1.3, 349, 177.6, -1.0, -6.0, 5.0, 149, 42774.0, -4
7607, 37, 4.699999999999999, 347, 175.8, 4.0, -2.0, 5.0, 147, 42921.0, -2
7665, 39, 5.0, 347, 176.4, 6.0, 4.0, 2.0, 147, 43068.0, 0
7719, 35, -0.2, 349, 179.4, 2.0, 6.0, -4.0, 149, 43217.0, 2
7779, 31, -2.8, 345, 172.8, -2.0, 4.0, -4.0, 145, 43362.0, -4
7837, 33, 1.4, 349, 180.0, 0.0, 4.0, 2.0, 149, 43511.00000000001, 4
7891, 35, 2.8, 353, 184.8, 2.0, 6.0, 2.0, 153, 43664.00000000001, 4
7942, 33, -0.3999999999999999, 349, 177.6, 0.0, 6.0, -2.0, 149, 43813.0, -4
7998, 32, -0.6, 349, 178.8, -1.0, 5.0, -1.0, 149, 43962.0, 0
8051, 33, 1.0, 345, 172.8, 0.0, 5.0, 1.0, 145, 44107.0, -4
8107, 31, -1.9, 345, 174.0, -2.0, 3.0, -2.0, 145, 44252.0, 0
8160, 31, -1.1, 351, 183.0, -2.0, 1.0, 0.0, 151, 44403.00000000001, 6
8220, 31, -1.3, 348, 176.7, -2.0, -1.0, 0.0, 148, 44551.0, -3
8274, 31, -1.5, 348, 177.6, -2.0, -3.0, 0.0, 148, 44699.0, 0
8328, 31, -1.7, 345, 173.1, -2.0, -5.0, 0.0, 145, 44844.0, -3
8382, 33, 0.5, 340, 166.5, 0.0, -5.0, 2.0, 140, 44984.0, -5
8438, 33, -0.5, 355, 190.5, 0.0, -5.0, 0.0, 155, 45139.0, 15
8493, 38, 5.5, 348, 175.5, 5.0, 0.0, 5.0, 148, 45287.00000000001, -7
8549, 36, 1.1, 353, 185.1, 3.0, 3.0, -2.0, 153, 45440.0, 5
8607, 34, 0.0, 355, 186.6, 1.0, 4.0, -2.0, 155, 45595.0, 2
8658, 31, -2.5, 349, 177.0, -2.0, 2.0, -3.0, 149, 45744.0, -6
8712, 31, -1.2, 355, 187.8, -2.0, 0.0, 0.0, 155, 45899.0, 6
8768, 32, -0.2, 348, 175.5, -1.0, -1.0, 1.0, 148, 46047.0, -7
8822, 34, 1.6, 357, 191.1, 1.0, 0.0, 2.0, 157, 46204.0, 9
8879, 36, 3.1, 348, 174.9, 3.0, 3.0, 2.0, 148, 46352.0, -9
8937, 33, -1.2, 349, 179.1, 0.0, 3.0, -3.0, 149, 46501.0, 1
8993, 32, -0.9, 364, 201.3, -1.0, 2.0, -1.0, 164, 46665.0, 15
9048, 33, 0.7, 353, 180.3, 0.0, 2.0, 1.0, 153, 46818.0, -11
9104, 33, 0.2, 345, 171.6, 0.0, 2.0, 0.0, 145, 46963.0, -8
9159, 32, -1.0, 345, 174.0, -1.0, 1.0, -1.0, 145, 47108.0, 0
9213, 32, -0.6, 349, 180.0, -1.0, 0.0, 0.0, 149, 47257.0, 4
9268, 34, 1.7, 348, 177.3, 1.0, 1.0, 2.0, 148, 47405.0, -1
9322, 38, 5.6, 348, 177.6, 5.0, 6.0, 4.0, 148, 47553.0, 0
9379, 37, 2.9, 349, 179.1, 4.0, 10.0, -1.0, 149, 47702.0, 1
9432, 30, -4.6, 355, 187.8, -3.0, 7.0, -7.0, 155, 47857.0, 6
9489, 29, -2.6, 355, 186.0, -4.0, 3.0, -1.0, 155, 48012.00000000001, 0
9549, 31, -0.1, 349, 177.0, -2.0, 1.0, 2.0, 149, 48161.0, -6
9603, 36, 4.699999999999999, 353, 184.8, 3.0, 4.0, 5.0, 153, 48314.0, 4
9653, 36, 2.5, 349, 177.6, 3.0, 7.0, 0.0, 149, 48463.0, -4
9709, 31, -3.2, 348, 177.3, -2.0, 5.0, -5.0, 148, 48611.0, -1
9762, 29, -3.3, 348, 177.6, -4.0, 1.0, -2.0, 148, 48759.00000000001, 0
9818, 33, 2.1, 355, 188.1, 0.0, 1.0, 4.0, 155, 48914.0, 7
9872, 35, 2.5, 355, 186.0, 2.0, 3.0, 2.0, 155, 49069.0, 0
9929, 34, 0.5, 357, 189.0, 1.0, 4.0, -1.0, 157, 49226.0, 2
9982, 32, -1.3, 345, 170.4, -1.0, 3.0, -2.0, 145, 49371.0, -12
10040, 29, -4.0, 349, 180.0, -4.0, -1.0, -3.0, 149, 49520.0, 4
10098, 31, -0.5, 340, 165.3, -2.0, -3.0, 2.0, 140, 49660.0, -9
10157, 31, -1.7, 340, 168.0, -2.0, -5.0, 0.0, 140, 49800.0, 0
10209, 33, 0.5, 329, 151.5, 0.0, -5.0, 2.0, 129, 49929.00000000001, -11
10262, 34, 0.7, 326, 150.3, 1.0, -4.0, 1.0, 126, 50055.00000000001, -3
10318, 35, 1.5, 330, 157.2, 2.0, -2.0, 1.0, 130, 50185.0, 4
10372, 34, 0.0, 321, 142.5, 1.0, -1.0, -1.0, 121, 50306.00000000001, -9
10424, 34, 0.6, 326, 152.7, 1.0, 0.0, 0.0, 126, 50432.00000000001, 5
