time, color, angle, distance, speed, color_dev, color_int, color_der, speed_dev, speed_int, speed_der
0, 46, 15.6, 855, 982.5000000000001, 13.0, 13.0, 13.0, 655, 655.0, 655.0
59, 47, 11.6, 855, 786.0, 14.0, 27.0, 1.0, 655, 1310.0, 0
119, 46, 11.3, 855, 786.0, 13.0, 40.0, -1.0, 655, 1965.0, 0
169, 47, 14.3, 861, 794.9999999999999, 14.0, 54.0, 1.0, 661, 2626.0, 6
225, 48, 16.4, 842, 764.6999999999999, 15.0, 69.0, 1.0, 642, 3268.0, -19
279, 45, 13.8, 856, 791.4, 12.0, 81.0, -3.0, 656, 3924.0, 14
334, 28, -3.899999999999999, 841, 764.6999999999999, -5.0, 76.00000000000001, -17.0, 641, 4565.0, -15
387, 15, -11.5, 822, 740.6999999999999, -18.0, 58.00000000000001, -13.0, 622, 5187.000000000001, -19
442, 10, -12.8, 822, 746.4, -23.0, 35.0, -5.0, 622, 5809.000000000001, 0
499, 7, -16.2, 792, 701.4, -26.0, 9.0, -3.0, 592, 6401.000000000001, -30
557, 8, -16.1, 802, 725.4, -25.0, -16.0, 1.0, 602, 7003.0, 10
608, 11, -15.5, 802, 722.4, -22.0, -38.0, 3.0, 602, 7605.0, 0
659, 20, -8.4, 780, 689.4, -13.0, -51.00000000000001, 9.0, 580, 8185.0, -22
712, 28, -4.600000000000001, 764, 672.0, -5.0, -56.00000000000001, 8.0, 564, 8749.000000000001, -16
769, 35, -0.7000000000000002, 758, 667.8000000000001, 2.0, -54.0, 7.0, 558, 9307.0, -6
822, 47, 10.4, 758, 669.6000000000001, 14.0, -40.0, 12.0, 558, 9865.000000000002, 0
878, 47, 5.800000000000001, 758, 669.6000000000001, 14.0, -26.0, 0.0, 558, 10423.0, 0
933, 47, 7.2, 758, 669.6000000000001, 14.0, -12.0, 0.0, 558, 10981.0, 0
988, 45, 6.199999999999999, 758, 669.6000000000001, 12.0, 0.0, -2.0, 558, 11539.0, 0
1042, 42, 4.8, 758, 669.6000000000001, 9.0, 9.0, -3.0, 558, 12097.0, 0
1097, 41, 6.0, 758, 669.6000000000001, 8.0, 17.0, -1.0, 558, 12655.0, 0
1154, 42, 8.5, 758, 669.6000000000001, 9.0, 26.0, 1.0, 558, 13213.0, 0
1216, 36, 1.7, 758, 669.6000000000001, 3.0, 29.0, -6.0, 558, 13771.0, 0
1269, 31, -1.0, 721, 614.0999999999999, -2.0, 27.0, -5.0, 521, 14292.0, -37
1329, 29, -1.1, 721, 625.2, -4.0, 23.0, -2.0, 521, 14813.0, 0
1384, 26, -4.1, 677, 559.2, -7.0, 16.0, -3.0, 477, 15290.0, -44
1442, 27, -2.1, 677, 572.4, -6.0, 10.0, 1.0, 477, 15767.0, 0
1494, 27, -3.2, 662, 549.9, -6.0, 4.0, 0.0, 462, 16229.0, -15
1544, 25, -6.2, 662, 554.4, -8.0, -4.0, -2.0, 462, 16691.0, 0
1600, 29, -1.2, 660, 551.4, -4.0, -8.0, 4.0, 460, 17151.0, -2
1656, 34, 2.4, 651, 538.4999999999999, 1.0, -7.0, 5.0, 451, 17602.0, -9
1713, 35, 1.2, 643, 529.2000000000001, 2.0, -5.0, 1.0, 443, 18045.0, -8
1773, 34, -0.3, 626, 506.1, 1.0, -4.0, -1.0, 426, 18471.0, -17
1829, 34, 0.2999999999999999, 617, 497.7, 1.0, -3.0, 0.0, 417, 18888.0, -9
1888, 37, 4.0, 598, 471.9, 4.0, 1.0, 3.0, 398, 19286.0, -19
1943, 38, 4.1, 590, 465.6000000000001, 5.0, 6.0, 1.0, 390, 19676.0, -8
1993, 36, 1.7, 580, 453.0, 3.0, 9.0, -2.0, 380, 20056.0, -10
2049, 34, 0.6000000000000001, 567, 436.5, 1.0, 10.0, -2.0, 367, 20423.0, -13
2109, 34, 1.7, 555, 422.4, 1.0, 11.0, 0.0, 355, 20778.0, -12
2169, 35, 3.0, 538, 400.5, 2.0, 13.0, 1.0, 338, 21116.0, -17
2220, 33, 0.3, 527, 389.1, 0.0, 13.0, -2.0, 327, 21443.0, -11
2277, 31, -1.1, 509, 365.4, -2.0, 11.0, -2.0, 309, 21752.0, -18
2332, 28, -3.9, 479, 325.8, -5.0, 6.0, -3.0, 279, 22031.0, -30
2383, 33, 3.1, 326, 105.3, 0.0, 6.0, 5.0, 126, 22157.0, -153
2433, 36, 4.199999999999999, 455, 344.7, 3.0, 9.0, 3.0, 255, 22412.0, 129
2488, 33, -0.6, 456, 307.5, 0.0, 9.0, -3.0, 256, 22668.0, 1
2540, 31, -1.5, 452, 301.2, -2.0, 7.0, -2.0, 252, 22920.0, -4
2590, 26, -6.7, 447, 294.9, -7.0, 0.0, -5.0, 247, 23167.0, -5
2641, 31, 1.1, 439, 284.4, -2.0, -2.0, 5.0, 239, 23406.0, -8
2692, 35, 3.2, 439, 286.8, 2.0, 0.0, 4.0, 239, 23645.0, 0
2748, 32, -2.2, 435, 280.8, -1.0, -1.0, -3.0, 235, 23880.0, -4
2802, 30, -3.2, 435, 282.0, -3.0, -4.0, -2.0, 235, 24115.0, 0
2861, 28, -4.9, 420, 259.5, -5.0, -9.0, -2.0, 220, 24335.0, -15
2912, 33, 1.6, 420, 264.0, 0.0, -9.0, 5.0, 220, 24555.0, 0
2967, 39, 6.3, 416, 258.0, 6.0, -3.0, 6.0, 216, 24771.0, -4
3019, 39, 3.899999999999999, 410, 250.2, 6.0, 3.0, 0.0, 210, 24981.0, -6
3078, 35, -0.3, 404, 243.0, 2.0, 5.0, -4.0, 204, 25185.0, -6
3129, 31, -2.9, 393, 228.3, -2.0, 3.0, -4.0, 193, 25378.0, -11
3188, 33, 1.3, 393, 231.6, 0.0, 3.0, 2.0, 193, 25571.0, 0
3242, 35, 2.7, 384, 218.1, 2.0, 5.0, 2.0, 184, 25755.0, -9
3296, 34, 0.7000000000000002, 376, 208.8, 1.0, 6.0, -1.0, 176, 25931.0, -8
3352, 31, -2.3, 383, 221.7, -2.0, 4.0, -3.0, 183, 26114.0, 7
3408, 29, -3.4, 399, 243.6, -4.0, 0.0, -2.0, 199, 26313.0, 16
3462, 31, -0.3999999999999999, 380, 210.3, -2.0, -2.0, 2.0, 180, 26493.0, -19
3517, 37, 5.6, 375, 208.5, 4.0, 2.0, 6.0, 175, 26668.0, -5
3571, 39, 5.399999999999999, 365, 195.0, 6.0, 8.0, 2.0, 165, 26833.0, -10
3628, 41, 7.4, 372, 208.5, 8.0, 16.0, 2.0, 172, 27005.0, 7
3688, 33, -2.4, 374, 209.4, 0.0, 16.0, -8.0, 174, 27179.0, 2
3742, 29, -3.2, 364, 193.8, -4.0, 12.0, -4.0, 164, 27343.0, -10
3797, 25, -6.399999999999999, 370, 205.8, -8.0, 4.0, -4.0, 170, 27513.0, 6
3856, 26, -4.0, 357, 184.5, -7.0, -3.0, 1.0, 157, 27670.0, -13
3908, 27, -4.0, 364, 198.9, -6.0, -9.0, 1.0, 164, 27834.0, 7
3961, 32, 0.9, 365, 198.3, -1.0, -10.0, 5.0, 165, 27999.0, 1
4018, 36, 3.1, 366, 199.5, 3.0, -7.0, 4.0, 166, 28165.0, 1
4072, 37, 2.6, 357, 185.7, 4.0, -3.0, 1.0, 157, 28322.0, -9
4127, 35, 0.1, 357, 188.4, 2.0, -1.0, -2.0, 157, 28479.0, 0
4186, 33, -1.1, 357, 188.4, 0.0, -1.0, -2.0, 157, 28636.0, 0
4240, 32, -1.3, 355, 185.4, -1.0, -2.0, -1.0, 155, 28791.0, -2
4299, 31, -2.1, 364, 199.5, -2.0, -4.0, -1.0, 164, 28955.0, 9
4356, 33, 0.6, 380, 220.8, 0.0, -4.0, 2.0, 180, 29135.0, 16
4420, 37, 4.4, 370, 201.0, 4.0, 0.0, 4.0, 170, 29305.0, -10
4478, 35, 0.3999999999999999, 376, 213.0, 2.0, 2.0, -2.0, 176, 29481.0, 6
4529, 40, 7.600000000000001, 353, 176.7, 7.0, 9.0, 5.0, 153, 29634.0, -23
4580, 40, 5.800000000000001, 347, 174.6, 7.0, 16.0, 0.0, 147, 29781.0, -6
4631, 35, 0.5, 345, 173.4, 2.0, 18.0, -5.0, 145, 29926.0, -2
4682, 31, -1.6, 345, 174.0, -2.0, 16.0, -4.0, 145, 30071.0, 0
4742, 25, -7.0, 345, 174.0, -8.0, 8.0, -6.0, 145, 30216.0, 0
4796, 26, -3.600000000000001, 345, 174.0, -7.0, 1.0, 1.0, 145, 30361.0, 0
4857, 28, -2.4, 349, 180.0, -5.0, -4.0, 2.0, 149, 30510.0, 4
4909, 33, 2.1, 345, 172.8, 0.0, -4.0, 5.0, 145, 30655.0, -4
4960, 34, 0.7999999999999999, 355, 189.0, 1.0, -3.0, 1.0, 155, 30810.0, 10
5011, 34, 0.4, 348, 175.5, 1.0, -2.0, 0.0, 148, 30958.0, -7
5062, 35, 1.7, 349, 179.1, 2.0, 0.0, 1.0, 149, 31107.0, 1
5116, 37, 3.8, 349, 178.8, 4.0, 4.0, 2.0, 149, 31256.0, 0
5168, 36, 2.0, 349, 178.8, 3.0, 7.0, -1.0, 149, 31405.0, 0
5222, 31, -3.2, 336, 159.3, -2.0, 5.0, -5.0, 136, 31541.0, -13
5277, 28, -4.5, 357, 194.7, -5.0, 0.0, -3.0, 157, 31698.0, 21
5328, 30, -1.1, 355, 185.4, -3.0, -3.0, 2.0, 155, 31853.0, -2
5383, 33, 1.2, 348, 175.5, 0.0, -3.0, 3.0, 148, 32001.0, -7
5441, 36, 3.3, 364, 201.6, 3.0, 0.0, 3.0, 164, 32165.0, 16
5492, 38, 4.5, 349, 174.3, 5.0, 5.0, 2.0, 149, 32314.0, -15
5543, 35, 0.3999999999999999, 348, 177.3, 2.0, 7.0, -3.0, 148, 32462.0, -1
5598, 35, 2.1, 364, 201.6, 2.0, 9.0, 0.0, 164, 32626.0, 16
5651, 27, -7.3, 380, 220.8, -6.0, 3.0, -8.0, 180, 32806.0, 16
5709, 28, -2.7, 357, 181.5, -5.0, -2.0, 1.0, 157, 32963.0, -23
5766, 32, 1.1, 340, 162.9, -1.0, -3.0, 4.0, 140, 33103.0, -17
5820, 37, 5.0, 345, 175.5, 4.0, 1.0, 5.0, 145, 33248.0, 5
5878, 38, 4.1, 347, 177.0, 5.0, 6.0, 1.0, 147, 33395.0, 2
5935, 33, -1.9, 355, 188.4, 0.0, 6.0, -5.0, 155, 33550.0, 8
5988, 32, -0.6, 349, 177.0, -1.0, 5.0, -1.0, 149, 33699.0, -6
6043, 33, 1.0, 347, 175.8, 0.0, 5.0, 1.0, 147, 33846.0, -2
6098, 35, 2.9, 347, 176.4, 2.0, 7.0, 2.0, 147, 33993.0, 0
6151, 34, 0.9, 347, 176.4, 1.0, 8.0, -1.0, 147, 34140.0, 0
6209, 31, -2.1, 345, 173.4, -2.0, 6.0, -3.0, 145, 34285.0, -2
6268, 34, 2.8, 349, 180.0, 1.0, 7.0, 3.0, 149, 34434.0, 4
6319, 36, 3.8, 345, 172.8, 3.0, 10.0, 2.0, 145, 34579.0, -4
6370, 33, -0.5, 353, 186.0, 0.0, 10.0, -3.0, 153, 34732.0, 8
6420, 31, -1.4, 349, 177.6, -2.0, 8.0, -2.0, 149, 34881.0, -4
6471, 31, -0.5999999999999998, 345, 172.8, -2.0, 6.0, 0.0, 145, 35026.0, -4
6525, 37, 6.4, 349, 180.0, 4.0, 10.0, 6.0, 149, 35175.0, 4
6588, 36, 2.6, 355, 187.8, 3.0, 13.0, -1.0, 155, 35330.0, 6
6648, 28, -6.2, 355, 186.0, -5.0, 8.0, -8.0, 155, 35485.0, 0
6698, 24, -7.499999999999999, 349, 177.0, -9.0, -1.0, -4.0, 149, 35634.0, -6
6749, 26, -4.0, 345, 172.8, -7.0, -8.0, 2.0, 145, 35779.0, -4
6807, 30, -0.9, 349, 180.0, -3.0, -11.0, 4.0, 149, 35928.0, 4
6859, 34, 1.6, 348, 177.3, 1.0, -10.0, 4.0, 148, 36076.0, -1
6918, 35, 0.9, 347, 176.1, 2.0, -8.0, 1.0, 147, 36223.0, -1
6976, 35, 0.5999999999999998, 355, 188.4, 2.0, -6.0, 0.0, 155, 36378.0, 8
7029, 35, 0.7999999999999999, 349, 177.0, 2.0, -4.0, 0.0, 149, 36527.0, -6
7088, 34, -0.2000000000000001, 349, 178.8, 1.0, -3.0, -1.0, 149, 36676.0, 0
7142, 33, -0.8, 349, 178.8, 0.0, -3.0, -1.0, 149, 36825.0, 0
7197, 32, -1.5, 357, 190.8, -1.0, -4.0, -1.0, 157, 36982.0, 8
7251, 36, 3.7, 357, 188.4, 3.0, -1.0, 4.0, 157, 37139.0, 0
7307, 38, 4.4, 357, 188.4, 5.0, 4.0, 2.0, 157, 37296.0, 0
7361, 39, 5.1, 353, 182.4, 6.0, 10.0, 1.0, 153, 37449.0, -4
7416, 35, 0.4000000000000004, 340, 164.1, 2.0, 12.0, -4.0, 140, 37589.0, -13
7470, 33, 0.2000000000000002, 345, 175.5, 0.0, 12.0, -2.0, 145, 37734.0, 5
7530, 32, 1.110223024625157e-16, 348, 178.5, -1.0, 11.0, -1.0, 148, 37882.0, 3
7588, 31, -0.7999999999999999, 348, 177.6, -2.0, 9.0, -1.0, 148, 38030.0, 0
7646, 31, -0.4999999999999999, 353, 185.1, -2.0, 7.0, 0.0, 153, 38183.0, 5
7700, 30, -1.9, 355, 186.6, -3.0, 4.0, -1.0, 155, 38338.0, 2
7756, 28, -4.1, 355, 186.0, -5.0, -1.0, -2.0, 155, 38493.0, 0
7809, 28, -3.6, 355, 186.0, -5.0, -6.0, 0.0, 155, 38648.0, 0
7868, 34, 3.1, 353, 183.0, 1.0, -5.0, 6.0, 153, 38801.0, -2
7927, 36, 2.6, 345, 171.6, 3.0, -2.0, 2.0, 145, 38946.0, -8
7982, 34, -0.5, 349, 180.0, 1.0, -1.0, -2.0, 149, 39095.0, 4
8039, 32, -1.8, 353, 184.8, -1.0, -2.0, -2.0, 153, 39248.0, 4
8093, 30, -3.3, 349, 177.6, -3.0, -5.0, -2.0, 149, 39397.0, -4
8148, 29, -3.8, 345, 172.8, -4.0, -9.0, -1.0, 145, 39542.0, -4
8198, 34, 2.3, 345, 174.0, 1.0, -8.0, 5.0, 145, 39687.0, 0
8258, 35, 1.1, 353, 186.0, 2.0, -6.0, 1.0, 153, 39840.0, 8
8312, 35, 0.7999999999999999, 364, 200.1, 2.0, -4.0, 0.0, 164, 40004.0, 11
8368, 35, 1.0, 353, 180.3, 2.0, -2.0, 0.0, 153, 40157.0, -11
8421, 39, 6.0, 345, 171.6, 6.0, 4.0, 4.0, 145, 40302.0, -8
8479, 43, 9.4, 340, 166.5, 10.0, 14.0, 4.0, 140, 40442.0, -5
8533, 36, 0.0, 349, 181.5, 3.0, 17.0, -7.0, 149, 40591.0, 9
8587, 27, -7.0, 349, 178.8, -6.0, 11.0, -9.0, 149, 40740.0, 0
8643, 24, -6.699999999999999, 355, 187.8, -9.0, 2.0, -3.0, 155, 40895.0, 6
8697, 26, -3.7, 353, 183.0, -7.0, -5.0, 2.0, 153, 41048.0, -2
8751, 32, 1.8, 349, 177.6, -1.0, -6.0, 6.0, 149, 41197.0, -4
8807, 33, -0.1000000000000001, 349, 178.8, 0.0, -6.0, 1.0, 149, 41346.0, 0
8861, 34, 0.6, 349, 178.8, 1.0, -5.0, 1.0, 149, 41495.00000000001, 0
8918, 35, 1.4, 349, 178.8, 2.0, -3.0, 1.0, 149, 41644.00000000001, 0
8972, 36, 2.3, 349, 178.8, 3.0, 0.0, 1.0, 149, 41793.0, 0
9028, 36, 2.1, 353, 184.8, 3.0, 3.0, 0.0, 153, 41946.0, 4
9082, 33, -1.2, 353, 183.6, 0.0, 3.0, -3.0, 153, 42099.0, 0
9139, 31, -2.1, 349, 177.6, -2.0, 1.0, -2.0, 149, 42248.0, -4
9196, 33, 1.1, 349, 178.8, 0.0, 1.0, 2.0, 149, 42397.0, 0
9251, 35, 2.5, 349, 178.8, 2.0, 3.0, 2.0, 149, 42546.0, 0
9306, 35, 1.7, 353, 184.8, 2.0, 5.0, 0.0, 153, 42699.0, 4
9360, 34, 0.7000000000000002, 349, 177.6, 1.0, 6.0, -1.0, 149, 42848.00000000001, -4
9417, 34, 1.3, 348, 177.3, 1.0, 7.0, 0.0, 148, 42996.0, -1
9472, 36, 3.8, 355, 188.1, 3.0, 10.0, 2.0, 155, 43151.0, 7
9526, 35, 1.9, 353, 183.0, 2.0, 12.0, -1.0, 153, 43304.0, -2
9583, 31, -2.2, 353, 183.6, -2.0, 10.0, -4.0, 153, 43457.0, 0
9638, 29, -2.8, 345, 171.6, -4.0, 6.0, -2.0, 145, 43602.0, -8
9697, 31, 0.2000000000000001, 349, 180.0, -2.0, 4.0, 2.0, 149, 43751.0, 4
9748, 30, -2.2, 349, 178.8, -3.0, 1.0, -1.0, 149, 43900.00000000001, 0
9801, 33, 1.6, 348, 177.3, 0.0, 1.0, 3.0, 148, 44048.0, -1
9859, 33, 0.1, 348, 177.6, 0.0, 1.0, 0.0, 148, 44196.0, 0
9910, 34, 1.3, 349, 179.1, 1.0, 2.0, 1.0, 149, 44345.0, 1
9962, 32, -1.5, 349, 178.8, -1.0, 1.0, -2.0, 149, 44494.0, 0
10018, 33, 0.6, 353, 184.8, 0.0, 1.0, 1.0, 153, 44647.00000000001, 4
10069, 31, -2.3, 355, 186.6, -2.0, -1.0, -2.0, 155, 44802.0, 2
10124, 34, 2.1, 326, 142.5, 1.0, 0.0, 3.0, 126, 44928.0, -29
10180, 36, 3.1, 348, 184.2, 3.0, 3.0, 2.0, 148, 45076.0, 22
10230, 37, 3.6, 328, 147.6, 4.0, 7.0, 1.0, 128, 45204.0, -20
10280, 32, -2.5, 328, 153.6, -1.0, 6.0, -5.0, 128, 45332.0, 0
10337, 33, 1.1, 326, 150.6, 0.0, 6.0, 1.0, 126, 45458.0, -2
10392, 36, 4.199999999999999, 326, 151.2, 3.0, 9.0, 3.0, 126, 45584.0, 0
10446, 33, -0.6, 322, 145.2, 0.0, 9.0, -3.0, 122, 45706.00000000001, -4
10500, 33, 0.9, 297, 108.9, 0.0, 9.0, 0.0, 97, 45803.0, -25
10556, 29, -3.9, 298, 117.9, -4.0, 5.0, -4.0, 98, 45901.00000000001, 1
