time, color, angle, distance, speed, color_dev, color_int, color_der, speed_dev, speed_int, speed_der
0, 16, -20.4, 902, 1053.0, -17.0, -17.0, -17.0, 702, 702.0, 702.0
63, 16, -13.6, 901, 840.9000000000001, -17.0, -34.0, 0.0, 701, 1403.0, -1
117, 20, -10.5, 902, 842.7, -13.0, -47.0, 4.0, 702, 2105.0, 1
172, 22, -11.4, 899, 837.9, -11.0, -58.00000000000001, 2.0, 699, 2804.0, -3
227, 31, -2.7, 894, 831.2999999999999, -2.0, -60.0, 9.0, 694, 3498.000000000001, -5
281, 44, 8.199999999999999, 893, 831.3000000000001, 11.0, -49.0, 13.0, 693, 4191.000000000001, -1
336, 52, 12.4, 886, 821.0999999999999, 19.0, -30.0, 8.0, 686, 4877.000000000001, -7
393, 48, 5.5, 855, 776.7, 15.0, -15.0, -4.0, 655, 5532.0, -31
447, 41, 0.5999999999999996, 857, 789.0000000000001, 8.0, -7.0, -7.0, 657, 6189.0, 2
502, 38, 1.3, 848, 774.9, 5.0, -2.0, -3.0, 648, 6837.000000000001, -9
555, 43, 9.300000000000001, 835, 758.1, 10.0, 8.0, 5.0, 635, 7472.0, -13
611, 43, 7.8, 831, 755.9999999999999, 10.0, 18.0, 0.0, 631, 8103.0, -4
665, 39, 4.0, 822, 743.6999999999999, 6.0, 24.0, -4.0, 622, 8725.0, -9
725, 27, -7.8, 825, 750.9, -6.0, 18.0, -12.0, 625, 9350.0, 3
781, 23, -7.2, 812, 730.5, -10.0, 8.0, -4.0, 612, 9962.000000000002, -13
834, 27, -1.399999999999999, 804, 722.4, -6.0, 2.0, 4.0, 604, 10566.0, -8
888, 30, -0.3999999999999999, 802, 721.8, -3.0, -1.0, 3.0, 602, 11168.0, -2
943, 27, -5.8, 804, 725.4, -6.0, -7.0, -3.0, 604, 11772.0, 2
996, 27, -4.899999999999999, 770, 673.8, -6.0, -13.0, 0.0, 570, 12342.0, -34
1050, 32, 0.5, 762, 672.0, -1.0, -14.0, 5.0, 562, 12904.0, -8
1104, 39, 6.3, 758, 668.4, 6.0, -8.0, 7.0, 558, 13462.0, -4
1162, 39, 3.399999999999999, 758, 669.6000000000001, 6.0, -2.0, 0.0, 558, 14020.0, 0
1216, 35, -0.8, 758, 669.6000000000001, 2.0, 0.0, -4.0, 558, 14578.0, 0
1273, 28, -7.0, 758, 669.6000000000001, -5.0, -5.0, -7.0, 558, 15136.0, 0
1328, 31, -0.3999999999999999, 758, 669.6000000000001, -2.0, -7.0, 3.0, 558, 15694.0, 0
1383, 38, 6.3, 758, 669.6000000000001, 5.0, -2.0, 7.0, 558, 16252.0, 0
1438, 37, 2.1, 736, 636.6, 4.0, 2.0, -1.0, 536, 16788.0, -22
1494, 29, -6.6, 713, 608.7000000000001, -4.0, -2.0, -8.0, 513, 17301.0, -23
1551, 26, -6.600000000000001, 704, 602.0999999999999, -7.0, -9.0, -3.0, 504, 17805.0, -9
1604, 31, 0.2000000000000002, 702, 601.8, -2.0, -11.0, 5.0, 502, 18307.0, -2
1657, 41, 9.5, 697, 594.9, 8.0, -3.0, 10.0, 497, 18804.0, -5
1715, 42, 6.5, 687, 581.4, 9.0, 6.0, 1.0, 487, 19291.0, -10
1769, 32, -5.1, 670, 558.9, -1.0, 5.0, -10.0, 470, 19761.0, -17
1825, 26, -7.4, 670, 564.0, -7.0, -2.0, -6.0, 470, 20231.0, 0
1881, 28, -2.7, 666, 557.9999999999999, -5.0, -7.0, 2.0, 466, 20697.0, -4
1937, 38, 7.8, 653, 539.7, 5.0, -2.0, 10.0, 453, 21150.0, -13
1993, 33, -2.7, 626, 503.1, 0.0, -2.0, -5.0, 426, 21576.0, -27
2052, 29, -5.0, 624, 508.2, -4.0, -6.0, -4.0, 424, 22000.0, -2
2107, 27, -5.8, 614, 493.8, -6.0, -12.0, -2.0, 414, 22414.0, -10
2163, 37, 6.6, 609, 489.3, 4.0, -8.0, 10.0, 409, 22823.0, -5
2221, 38, 3.2, 590, 462.3, 5.0, -3.0, 1.0, 390, 23213.0, -19
2277, 38, 3.2, 581, 454.5, 5.0, 2.0, 0.0, 381, 23594.0, -9
2333, 30, -5.9, 561, 427.2, -3.0, -1.0, -8.0, 361, 23955.0, -20
2389, 28, -4.6, 563, 436.2, -5.0, -6.0, -2.0, 363, 24318.0, 2
2444, 31, -0.5, 555, 423.6000000000001, -2.0, -8.0, 3.0, 355, 24673.0, -8
2502, 33, 0.2, 546, 412.5, 0.0, -8.0, 2.0, 346, 25019.0, -9
2554, 29, -5.6, 546, 415.2, -4.0, -12.0, -4.0, 346, 25365.0, 0
2609, 30, -2.8, 518, 373.2, -3.0, -15.0, 1.0, 318, 25683.0, -28
2662, 32, -1.2, 515, 377.1, -1.0, -16.0, 2.0, 315, 25998.0, -3
2716, 43, 10.9, 499, 354.0, 10.0, -6.0, 11.0, 299, 26297.0, -16
2774, 45, 8.799999999999999, 490, 345.3, 12.0, 6.0, 2.0, 290, 26587.0, -9
2833, 35, -3.0, 483, 337.5, 2.0, 8.0, -10.0, 283, 26870.0, -7
2887, 27, -7.399999999999999, 492, 353.1, -6.0, 2.0, -8.0, 292, 27162.0, 9
2943, 28, -2.8, 481, 333.9, -5.0, -3.0, 1.0, 281, 27443.0, -11
2998, 33, 2.2, 475, 328.2, 0.0, -3.0, 5.0, 275, 27718.0, -6
3056, 28, -6.3, 463, 312.0, -5.0, -8.0, -5.0, 263, 27981.0, -12
3112, 26, -6.7, 455, 303.6, -7.0, -15.0, -2.0, 255, 28236.0, -8
3172, 30, -1.6, 448, 295.5, -3.0, -18.0, 4.0, 248, 28484.0, -7
3227, 39, 6.899999999999999, 439, 284.1, 6.0, -12.0, 9.0, 239, 28723.0, -9
3282, 43, 7.8, 433, 277.8, 10.0, -2.0, 4.0, 233, 28956.0, -6
3337, 46, 10.4, 423, 264.6, 13.0, 11.0, 3.0, 223, 29179.0, -10
3392, 34, -4.199999999999999, 404, 239.1, 1.0, 12.0, -12.0, 204, 29383.0, -19
3447, 23, -11.3, 399, 237.3, -10.0, 2.0, -11.0, 199, 29582.0, -5
3503, 25, -4.4, 411, 256.8, -8.0, -6.0, 2.0, 211, 29793.0, 12
3557, 38, 9.4, 411, 253.2, 5.0, -1.0, 13.0, 211, 30004.0, 0
3608, 45, 11.8, 435, 289.2, 12.0, 11.0, 7.0, 235, 30239.0, 24
3661, 35, -2.5, 399, 228.0, 2.0, 13.0, -10.0, 199, 30438.0, -36
3714, 23, -11.7, 392, 228.3, -10.0, 3.0, -12.0, 192, 30630.0, -7
3772, 22, -7.899999999999999, 383, 216.9, -11.0, -8.0, -1.0, 183, 30813.0, -9
3832, 33, 4.7, 385, 222.6, 0.0, -8.0, 11.0, 185, 30998.0, 2
3886, 43, 11.2, 383, 219.0, 10.0, 2.0, 10.0, 183, 31181.0, -2
3944, 43, 7.2, 385, 222.6, 10.0, 12.0, 0.0, 185, 31366.0, 2
4003, 32, -5.0, 380, 214.5, -1.0, 11.0, -11.0, 180, 31546.0, -5
4056, 22, -11.6, 391, 232.5, -11.0, 0.0, -10.0, 191, 31737.0, 11
4111, 21, -8.899999999999999, 399, 241.2, -12.0, -12.0, -1.0, 199, 31936.0, 8
4162, 26, -3.600000000000001, 389, 223.8, -7.0, -19.0, 5.0, 189, 32125.0, -10
4224, 37, 6.4, 376, 207.3, 4.0, -15.0, 11.0, 176, 32301.0, -13
4279, 43, 8.5, 365, 194.7, 10.0, -5.0, 6.0, 165, 32466.0, -11
4332, 39, 1.7, 376, 214.5, 6.0, 1.0, -4.0, 176, 32642.0, 11
4382, 29, -7.7, 365, 194.7, -4.0, -3.0, -10.0, 165, 32807.0, -11
4436, 25, -7.9, 359, 189.0, -8.0, -11.0, -4.0, 159, 32966.0, -6
4495, 28, -3.1, 357, 187.8, -5.0, -16.0, 3.0, 157, 33123.0, -2
4549, 35, 3.3, 364, 198.9, 2.0, -14.0, 7.0, 164, 33287.0, 7
4603, 41, 7.199999999999999, 355, 183.3, 8.0, -6.0, 6.0, 155, 33442.0, -9
4658, 42, 6.199999999999999, 357, 189.0, 9.0, 3.0, 1.0, 157, 33599.0, 2
4712, 40, 4.2, 353, 182.4, 7.0, 10.0, -2.0, 153, 33752.0, -4
4766, 36, 1.1, 349, 177.6, 3.0, 13.0, -4.0, 149, 33901.0, -4
4823, 32, -1.4, 340, 165.3, -1.0, 12.0, -4.0, 140, 34041.0, -9
4878, 29, -3.1, 349, 181.5, -4.0, 8.0, -3.0, 149, 34190.0, 9
4932, 28, -3.2, 349, 178.8, -5.0, 3.0, -1.0, 149, 34339.0, 0
4987, 26, -5.600000000000001, 355, 187.8, -7.0, -4.0, -2.0, 155, 34494.0, 6
5045, 23, -8.9, 348, 175.5, -10.0, -14.0, -3.0, 148, 34642.0, -7
5096, 27, -3.6, 348, 177.6, -6.0, -20.0, 4.0, 148, 34790.0, 0
5153, 38, 7.0, 349, 179.1, 5.0, -15.0, 11.0, 149, 34939.0, 1
5207, 44, 9.199999999999999, 355, 187.8, 11.0, -4.0, 6.0, 155, 35094.0, 6
5264, 44, 7.3, 355, 186.0, 11.0, 7.0, 0.0, 155, 35249.0, 0
5324, 33, -4.8, 355, 186.0, 0.0, 7.0, -11.0, 155, 35404.0, 0
5383, 22, -12.5, 353, 183.0, -11.0, -4.0, -11.0, 153, 35557.0, -2
5436, 22, -8.1, 345, 171.6, -11.0, -15.0, 0.0, 145, 35702.0, -8
5493, 28, -2.0, 348, 178.5, -5.0, -20.0, 6.0, 148, 35850.0, 3
5546, 35, 2.9, 348, 177.6, 2.0, -18.0, 7.0, 148, 35998.0, 0
5602, 41, 6.8, 345, 173.1, 8.0, -10.0, 6.0, 145, 36143.0, -3
5660, 40, 3.4, 347, 177.0, 7.0, -3.0, -1.0, 147, 36290.0, 2
5714, 37, 1.0, 355, 188.4, 4.0, 1.0, -3.0, 155, 36445.0, 8
5772, 34, -0.7, 355, 186.0, 1.0, 2.0, -3.0, 155, 36600.0, 0
5822, 32, -1.5, 347, 174.0, -1.0, 1.0, -2.0, 147, 36747.0, -8
5876, 32, -0.6, 349, 179.4, -1.0, 0.0, 0.0, 149, 36896.0, 2
5932, 32, -0.7, 347, 175.8, -1.0, -1.0, 0.0, 147, 37043.0, -2
5990, 31, -2.0, 348, 177.9, -2.0, -3.0, -1.0, 148, 37191.0, 1
6043, 31, -1.7, 348, 177.6, -2.0, -5.0, 0.0, 148, 37339.0, 0
6098, 34, 1.7, 355, 188.1, 1.0, -4.0, 3.0, 155, 37494.0, 7
6154, 38, 5.1, 326, 142.5, 5.0, 1.0, 4.0, 126, 37620.0, -29
6212, 42, 8.399999999999999, 347, 182.7, 9.0, 10.0, 4.0, 147, 37767.0, 21
6263, 41, 6.1, 355, 188.4, 8.0, 18.0, -1.0, 155, 37922.0, 8
6317, 29, -7.0, 349, 177.0, -4.0, 14.0, -12.0, 149, 38071.0, -6
6368, 26, -5.0, 353, 184.8, -7.0, 7.0, -3.0, 153, 38224.0, 4
6422, 20, -11.4, 353, 183.6, -13.0, -6.0, -6.0, 153, 38377.0, 0
6476, 27, -1.3, 345, 171.6, -6.0, -12.0, 7.0, 145, 38522.0, -8
6532, 29, -3.0, 345, 174.0, -4.0, -16.0, 2.0, 145, 38667.0, 0
6587, 36, 4.0, 349, 180.0, 3.0, -13.0, 7.0, 149, 38816.0, 4
6638, 40, 5.6, 345, 172.8, 7.0, -6.0, 4.0, 145, 38961.0, -4
6693, 41, 5.5, 345, 174.0, 8.0, 2.0, 1.0, 145, 39106.0, 0
6747, 36, -0.2000000000000002, 353, 186.0, 3.0, 5.0, -5.0, 153, 39259.0, 8
6802, 34, 0.2000000000000002, 345, 171.6, 1.0, 6.0, -2.0, 145, 39404.0, -8
6857, 34, 1.3, 345, 174.0, 1.0, 7.0, 0.0, 145, 39549.0, 0
6915, 32, -1.0, 353, 186.0, -1.0, 6.0, -2.0, 153, 39702.0, 8
6972, 28, -4.9, 345, 171.6, -5.0, 1.0, -4.0, 145, 39847.0, -8
7025, 28, -3.4, 349, 180.0, -5.0, -4.0, 0.0, 149, 39996.0, 4
7081, 32, 0.9, 345, 172.8, -1.0, -5.0, 4.0, 145, 40141.0, -4
7143, 36, 3.6, 349, 180.0, 3.0, -2.0, 4.0, 149, 40290.0, 4
7196, 37, 3.1, 353, 184.8, 4.0, 2.0, 1.0, 153, 40443.0, 4
7246, 34, -0.6, 355, 186.6, 1.0, 3.0, -3.0, 155, 40598.0, 2
7302, 31, -2.6, 353, 183.0, -2.0, 1.0, -3.0, 153, 40751.0, -2
7355, 25, -8.5, 353, 183.6, -8.0, -7.0, -6.0, 153, 40904.0, 0
7412, 26, -5.100000000000001, 349, 177.6, -7.0, -14.0, 1.0, 149, 41053.00000000001, -4
7470, 30, -1.5, 345, 172.8, -3.0, -17.0, 4.0, 145, 41198.00000000001, -4
7525, 35, 2.2, 353, 186.0, 2.0, -15.0, 5.0, 153, 41351.0, 8
7580, 39, 4.699999999999999, 357, 189.6, 6.0, -9.0, 4.0, 157, 41508.0, 4
7636, 42, 6.899999999999999, 353, 182.4, 9.0, 0.0, 3.0, 153, 41661.0, -4
7692, 42, 6.3, 353, 183.6, 9.0, 9.0, 0.0, 153, 41814.0, 0
7744, 36, 0.0, 348, 176.1, 3.0, 12.0, -6.0, 148, 41962.0, -5
7798, 32, -1.5, 348, 177.6, -1.0, 11.0, -4.0, 148, 42110.0, 0
7853, 29, -3.2, 348, 177.6, -4.0, 7.0, -3.0, 148, 42258.0, 0
7906, 28, -3.3, 349, 179.1, -5.0, 2.0, -1.0, 149, 42407.0, 1
7966, 30, -0.9, 353, 184.8, -3.0, -1.0, 2.0, 153, 42560.0, 4
8017, 31, -1.0, 357, 189.6, -2.0, -3.0, 1.0, 157, 42717.0, 4
8071, 33, 0.7, 357, 188.4, 0.0, -3.0, 2.0, 157, 42874.0, 0
8124, 36, 3.3, 353, 182.4, 3.0, 0.0, 3.0, 153, 43027.00000000001, -4
8182, 37, 3.3, 355, 186.6, 4.0, 4.0, 1.0, 155, 43182.0, 2
8235, 33, -1.6, 348, 175.5, 0.0, 4.0, -4.0, 148, 43330.0, -7
8291, 27, -6.8, 355, 188.1, -6.0, -2.0, -6.0, 155, 43485.0, 7
8344, 24, -8.0, 348, 175.5, -9.0, -11.0, -3.0, 148, 43633.00000000001, -7
8401, 27, -3.8, 353, 185.1, -6.0, -17.0, 3.0, 153, 43786.0, 5
8461, 36, 4.899999999999999, 357, 189.6, 3.0, -14.0, 9.0, 157, 43943.0, 4
8512, 41, 6.699999999999999, 364, 198.9, 8.0, -6.0, 5.0, 164, 44107.0, 7
8572, 38, 1.4, 355, 183.3, 5.0, -1.0, -3.0, 155, 44262.00000000001, -9
8626, 37, 2.2, 349, 177.0, 4.0, 3.0, -1.0, 149, 44411.0, -6
8682, 36, 1.9, 353, 184.8, 3.0, 6.0, -1.0, 153, 44564.0, 4
8742, 34, 0.3, 349, 177.6, 1.0, 7.0, -2.0, 149, 44713.0, -4
8795, 32, -1.0, 349, 178.8, -1.0, 6.0, -2.0, 149, 44862.0, 0
8852, 32, -0.1, 349, 178.8, -1.0, 5.0, 0.0, 149, 45011.0, 0
8912, 30, -2.6, 345, 172.8, -3.0, 2.0, -2.0, 145, 45156.0, -4
8966, 31, -0.7, 345, 174.0, -2.0, 0.0, 1.0, 145, 45301.0, 0
9023, 32, -0.2, 355, 189.0, -1.0, -1.0, 1.0, 155, 45456.0, 10
9082, 33, 0.4, 357, 189.0, 0.0, -1.0, 1.0, 157, 45613.0, 2
9136, 35, 2.3, 355, 185.4, 2.0, 1.0, 2.0, 155, 45768.0, -2
9194, 35, 1.5, 349, 177.0, 2.0, 3.0, 0.0, 149, 45917.0, -6
9250, 29, -5.5, 345, 172.8, -4.0, -1.0, -6.0, 145, 46062.0, -4
9305, 28, -4.1, 349, 180.0, -5.0, -6.0, -1.0, 149, 46211.0, 4
9362, 27, -5.3, 349, 178.8, -6.0, -12.0, -1.0, 149, 46360.0, 0
9416, 30, -1.8, 349, 178.8, -3.0, -15.0, 3.0, 149, 46509.0, 0
9473, 37, 4.8, 349, 178.8, 4.0, -11.0, 7.0, 149, 46658.0, 0
9527, 43, 8.9, 349, 178.8, 10.0, -1.0, 6.0, 149, 46807.0, 0
9581, 43, 6.9, 345, 172.8, 10.0, 9.0, 0.0, 145, 46952.0, -4
9633, 34, -2.9, 353, 186.0, 1.0, 10.0, -9.0, 153, 47105.00000000001, 8
9690, 30, -3.1, 345, 171.6, -3.0, 7.0, -4.0, 145, 47250.00000000001, -8
9744, 28, -3.8, 345, 174.0, -5.0, 2.0, -2.0, 145, 47395.0, 0
9797, 29, -2.1, 345, 174.0, -4.0, -2.0, 1.0, 145, 47540.0, 0
9852, 29, -3.0, 355, 189.0, -4.0, -6.0, 0.0, 155, 47695.0, 10
9903, 30, -2.2, 347, 174.0, -3.0, -9.0, 1.0, 147, 47842.0, -8
9958, 32, -0.6000000000000001, 355, 188.4, -1.0, -10.0, 2.0, 155, 47997.00000000001, 8
10011, 40, 7.9, 353, 183.0, 7.0, -3.0, 8.0, 153, 48150.0, -2
10065, 40, 4.600000000000001, 357, 189.6, 7.0, 4.0, 0.0, 157, 48307.0, 4
10121, 36, 0.5, 355, 185.4, 3.0, 7.0, -4.0, 155, 48462.00000000001, -2
10175, 31, -3.2, 355, 186.0, -2.0, 5.0, -5.0, 155, 48617.0, 0
10232, 25, -8.1, 357, 189.0, -8.0, -3.0, -6.0, 157, 48774.00000000001, 2
10290, 26, -4.7, 349, 176.4, -7.0, -10.0, 1.0, 149, 48923.00000000001, -8
10345, 32, 1.3, 334, 156.3, -1.0, -11.0, 6.0, 134, 49057.0, -15
10396, 37, 4.199999999999999, 321, 141.3, 4.0, -7.0, 5.0, 121, 49178.00000000001, -13
10451, 39, 4.5, 324, 149.7, 6.0, -1.0, 2.0, 124, 49302.0, 3
10507, 39, 4.1, 326, 151.8, 6.0, 5.0, 0.0, 126, 49428.0, 2
