time, color, angle, distance, speed, color_dev, color_int, color_der, speed_dev, speed_int, speed_der
0, 44, 13.2, 886, 1029.0, 11.0, 11.0, 11.0, 686, 686.0, 686.0
54, 44, 8.800000000000001, 886, 823.1999999999999, 11.0, 22.0, 0.0, 686, 1372.0, 0
106, 44, 9.9, 886, 823.1999999999999, 11.0, 33.0, 0.0, 686, 2058.0, 0
162, 44, 11.0, 893, 833.7, 11.0, 44.0, 0.0, 693, 2751.0, 7
219, 48, 16.9, 902, 845.1000000000001, 15.0, 59.0, 4.0, 702, 3453.0, 9
273, 44, 11.6, 885, 816.9, 11.0, 70.0, -4.0, 685, 4138.000000000001, -17
330, 35, 3.9, 871, 801.0, 2.0, 72.0, -9.0, 671, 4809.000000000001, -14
388, 30, 2.600000000000001, 871, 805.2, -3.0, 69.0, -5.0, 671, 5480.0, 0
442, 19, -8.4, 871, 805.2, -14.0, 55.0, -11.0, 671, 6151.0, 0
500, 13, -11.5, 853, 778.2000000000001, -20.0, 35.0, -6.0, 653, 6804.000000000001, -18
550, 9, -15.3, 849, 777.5999999999999, -24.0, 11.0, -4.0, 649, 7453.0, -4
608, 9, -15.7, 848, 777.3000000000001, -24.0, -13.0, 0.0, 648, 8101.000000000001, -1
660, 15, -10.9, 843, 770.1000000000001, -18.0, -31.0, 6.0, 643, 8744.0, -5
714, 26, -2.5, 843, 771.6, -7.0, -38.0, 11.0, 643, 9387.0, 0
770, 36, 3.3, 819, 735.5999999999999, 3.0, -35.0, 10.0, 619, 10006.0, -24
828, 48, 13.0, 804, 720.2999999999999, 15.0, -20.0, 12.0, 604, 10610.0, -15
883, 54, 15.7, 639, 477.3, 21.0, 1.0, 6.0, 439, 11049.0, -165
938, 51, 11.2, 794, 759.3, 18.0, 19.0, -3.0, 594, 11643.0, 155
994, 38, -1.1, 433, 171.3, 5.0, 24.0, -13.0, 233, 11876.0, -361
1049, 29, -4.9, 798, 827.1000000000001, -4.0, 20.0, -9.0, 598, 12474.0, 365
1108, 19, -12.8, 756, 654.5999999999999, -14.0, 6.0, -10.0, 556, 13030.0, -42
1159, 19, -9.200000000000001, 756, 667.2, -14.0, -8.0, 0.0, 556, 13586.0, 0
1213, 30, 2.6, 756, 667.2, -3.0, -11.0, 11.0, 556, 14142.0, 0
1268, 36, 4.0, 764, 679.2, 3.0, -8.0, 6.0, 564, 14706.0, 8
1333, 48, 15.7, 764, 676.8, 15.0, 7.0, 12.0, 564, 15270.0, 0
1388, 48, 11.2, 814, 751.8, 15.0, 22.0, 0.0, 614, 15884.0, 50
1448, 45, 9.1, 814, 736.7999999999999, 12.0, 34.0, -3.0, 614, 16498.0, 0
1508, 33, -2.6, 713, 585.3000000000001, 0.0, 34.0, -12.0, 513, 17011.0, -101
1560, 21, -11.0, 697, 591.6, -12.0, 22.0, -12.0, 497, 17508.0, -16
1617, 14, -14.6, 718, 627.9, -19.0, 3.0, -7.0, 518, 18026.0, 21
1671, 16, -10.6, 689, 578.0999999999999, -17.0, -14.0, 2.0, 489, 18515.0, -29
1728, 25, -2.5, 661, 544.8, -8.0, -22.0, 9.0, 461, 18976.0, -28
1782, 37, 6.6, 668, 563.7, 4.0, -18.0, 12.0, 468, 19444.0, 7
1841, 48, 14.2, 661, 551.0999999999999, 15.0, -3.0, 11.0, 461, 19905.0, -7
1898, 47, 9.0, 651, 538.2, 14.0, 11.0, -1.0, 451, 20356.0, -10
1951, 45, 8.5, 340, 74.70000000000001, 12.0, 23.0, -2.0, 140, 20496.0, -311
2011, 37, 1.1, 654, 639.0000000000001, 4.0, 27.0, -8.0, 454, 20950.0, 314
2070, 25, -8.899999999999999, 614, 484.8, -8.0, 19.0, -12.0, 414, 21364.0, -40
2124, 20, -9.699999999999999, 605, 483.3, -13.0, 6.0, -5.0, 405, 21769.0, -9
2179, 21, -7.299999999999999, 599, 477.0, -12.0, -6.0, 1.0, 399, 22168.0, -6
2240, 31, 3.0, 590, 465.3, -2.0, -8.0, 10.0, 390, 22558.0, -9
2293, 39, 7.399999999999999, 705, 640.5, 6.0, -2.0, 8.0, 505, 23063.0, 115
2348, 45, 11.2, 687, 579.0, 12.0, 10.0, 6.0, 487, 23550.0, -18
2408, 45, 9.399999999999999, 693, 593.4, 12.0, 22.0, 0.0, 493, 24043.0, 6
2462, 38, 2.2, 586, 431.1, 5.0, 27.0, -7.0, 386, 24429.0, -107
2512, 29, -4.6, 554, 415.2, -4.0, 23.0, -9.0, 354, 24783.0, -32
2568, 25, -5.3, 538, 400.8, -8.0, 15.0, -4.0, 338, 25121.0, -16
2624, 19, -11.3, 532, 396.6, -14.0, 1.0, -6.0, 332, 25453.0, -6
2679, 19, -9.700000000000001, 509, 363.9, -14.0, -13.0, 0.0, 309, 25762.0, -23
2730, 26, -2.7, 492, 345.2999999999999, -7.0, -20.0, 7.0, 292, 26054.0, -17
2784, 34, 2.7, 488, 344.4, 1.0, -19.0, 8.0, 288, 26342.0, -4
2840, 47, 14.4, 475, 326.1, 14.0, -5.0, 13.0, 275, 26617.0, -13
2895, 48, 10.5, 473, 327.0, 15.0, 10.0, 1.0, 273, 26890.0, -2
2949, 45, 7.899999999999999, 479, 336.6, 12.0, 22.0, -3.0, 279, 27169.0, 6
3007, 34, -2.6, 420, 246.3, 1.0, 23.0, -11.0, 220, 27389.0, -59
3060, 30, -1.8, 498, 381.0, -3.0, 20.0, -4.0, 298, 27687.0, 78
3114, 26, -4.9, 510, 375.6, -7.0, 13.0, -4.0, 310, 27997.0, 12
3170, 24, -5.999999999999999, 454, 288.0, -9.0, 4.0, -2.0, 254, 28251.0, -56
3229, 26, -3.5, 559, 462.3, -7.0, -3.0, 2.0, 359, 28610.0, 105
3283, 31, 0.8, 559, 430.8, -2.0, -5.0, 5.0, 359, 28969.0, 0
3338, 33, 0.5, 559, 430.8, 0.0, -5.0, 2.0, 359, 29328.0, 0
3398, 40, 7.9, 393, 181.8, 7.0, 2.0, 7.0, 193, 29521.0, -166
3459, 39, 3.899999999999999, 389, 225.6, 6.0, 8.0, -1.0, 189, 29710.0, -4
3518, 37, 2.6, 380, 213.3, 4.0, 12.0, -2.0, 180, 29890.0, -9
3573, 38, 5.2, 366, 195.0, 5.0, 17.0, 1.0, 166, 30056.0, -14
3628, 45, 13.6, 365, 197.7, 12.0, 29.0, 7.0, 165, 30221.0, -1
3682, 48, 14.9, 364, 196.5, 15.0, 44.0, 3.0, 164, 30385.0, -1
3738, 26, -11.5, 361, 192.3, -7.0, 37.0, -22.0, 161, 30546.0, -3
3791, 17, -12.0, 362, 194.7, -16.0, 21.0, -9.0, 162, 30708.0, 1
3848, 13, -13.9, 355, 183.9, -20.0, 1.0, -4.0, 155, 30863.0, -7
3902, 26, 1.699999999999999, 364, 199.5, -7.0, -6.0, 13.0, 164, 31027.0, 9
3957, 31, 0.5, 372, 208.8, -2.0, -8.0, 5.0, 172, 31199.0, 8
4012, 37, 5.0, 364, 194.4, 4.0, -4.0, 6.0, 164, 31363.0, -8
4068, 35, 0.0, 375, 213.3, 2.0, -2.0, -2.0, 175, 31538.0, 11
4122, 35, 1.2, 376, 211.5, 2.0, 0.0, 0.0, 176, 31714.0, 1
4172, 33, -1.0, 382, 220.2, 0.0, 0.0, -2.0, 182, 31896.0, 6
4229, 31, -2.4, 353, 174.9, -2.0, -2.0, -2.0, 153, 32049.0, -29
4280, 31, -1.6, 364, 200.1, -2.0, -4.0, 0.0, 164, 32213.0, 11
4331, 36, 4.199999999999999, 347, 171.3, 3.0, -1.0, 5.0, 147, 32360.0, -17
4382, 37, 3.2, 340, 165.9, 4.0, 3.0, 1.0, 140, 32500.0, -7
4433, 37, 3.1, 347, 178.5, 4.0, 7.0, 0.0, 147, 32647.0, 7
4485, 35, 1.1, 348, 177.9, 2.0, 9.0, -2.0, 148, 32795.0, 1
4539, 31, -2.5, 355, 188.1, -2.0, 7.0, -4.0, 155, 32950.0, 7
4597, 28, -4.3, 357, 189.0, -5.0, 2.0, -3.0, 157, 33107.0, 2
4649, 27, -4.5, 340, 162.9, -6.0, -4.0, -1.0, 140, 33247.0, -17
4706, 28, -3.4, 348, 180.0, -5.0, -9.0, 1.0, 148, 33395.0, 8
4759, 32, 0.3999999999999999, 340, 165.6, -1.0, -10.0, 4.0, 140, 33535.0, -8
4811, 36, 3.1, 347, 178.5, 3.0, -7.0, 4.0, 147, 33682.0, 7
4867, 40, 6.2, 347, 176.4, 7.0, 0.0, 4.0, 147, 33829.0, 0
4930, 37, 1.3, 353, 185.4, 4.0, 4.0, -3.0, 153, 33982.0, 6
4980, 35, 0.8, 357, 189.6, 2.0, 6.0, -2.0, 157, 34139.0, 4
5031, 35, 2.0, 353, 182.4, 2.0, 8.0, 0.0, 153, 34292.0, -4
5087, 38, 5.8, 353, 183.6, 5.0, 13.0, 3.0, 153, 34445.0, 0
5149, 35, 1.2, 348, 176.1, 2.0, 15.0, -3.0, 148, 34593.0, -5
5209, 31, -1.9, 340, 165.6, -2.0, 13.0, -4.0, 140, 34733.0, -8
5268, 28, -3.7, 357, 193.5, -5.0, 8.0, -3.0, 157, 34890.0, 17
5331, 29, -1.5, 353, 182.4, -4.0, 4.0, 1.0, 153, 35043.0, -4
5386, 29, -2.4, 353, 183.6, -4.0, 0.0, 0.0, 153, 35196.0, 0
5440, 31, -0.3999999999999999, 348, 176.1, -2.0, -2.0, 2.0, 148, 35344.0, -5
5496, 31, -1.6, 355, 188.1, -2.0, -4.0, 0.0, 155, 35499.0, 7
5550, 30, -3.0, 353, 183.0, -3.0, -7.0, -1.0, 153, 35652.0, -2
5604, 31, -1.6, 349, 177.6, -2.0, -9.0, 1.0, 149, 35801.0, -4
5659, 31, -2.3, 347, 175.8, -2.0, -11.0, 0.0, 147, 35948.0, -2
5716, 33, -0.1000000000000001, 338, 162.9, 0.0, -11.0, 2.0, 138, 36086.0, -9
5770, 37, 3.7, 348, 180.6, 4.0, -7.0, 4.0, 148, 36234.0, 10
5831, 38, 3.3, 345, 173.1, 5.0, -2.0, 1.0, 145, 36379.0, -3
5885, 37, 2.1, 349, 180.0, 4.0, 2.0, -1.0, 149, 36528.0, 4
5939, 35, 0.6000000000000001, 345, 172.8, 2.0, 4.0, -2.0, 145, 36673.0, -4
5997, 36, 3.0, 353, 186.0, 3.0, 7.0, 1.0, 153, 36826.0, 8
6051, 38, 5.2, 353, 183.6, 5.0, 12.0, 2.0, 153, 36979.0, 0
6105, 39, 5.899999999999999, 347, 174.6, 6.0, 18.0, 1.0, 147, 37126.0, -6
6159, 37, 3.6, 345, 173.4, 4.0, 22.0, -2.0, 145, 37271.0, -2
6216, 34, 1.4, 357, 192.0, 1.0, 23.0, -3.0, 157, 37428.0, 12
6272, 29, -3.0, 357, 188.4, -4.0, 19.0, -5.0, 157, 37585.0, 0
6323, 28, -2.1, 357, 188.4, -5.0, 14.0, -1.0, 157, 37742.0, 0
6377, 28, -2.1, 357, 188.4, -5.0, 9.0, 0.0, 157, 37899.0, 0
6430, 28, -2.6, 357, 188.4, -5.0, 4.0, 0.0, 157, 38056.0, 0
6483, 30, -0.6999999999999997, 355, 185.4, -3.0, 1.0, 2.0, 155, 38211.0, -2
6538, 31, -0.8, 348, 175.5, -2.0, -1.0, 1.0, 148, 38359.0, -7
6591, 29, -3.9, 340, 165.6, -4.0, -5.0, -2.0, 140, 38499.0, -8
6649, 27, -5.699999999999999, 347, 178.5, -6.0, -11.0, -2.0, 147, 38646.0, 7
6699, 30, -1.7, 347, 176.4, -3.0, -14.0, 3.0, 147, 38793.0, 0
6750, 32, -1.1, 349, 179.4, -1.0, -15.0, 2.0, 149, 38942.0, 2
6804, 39, 6.199999999999999, 353, 184.8, 6.0, -9.0, 7.0, 153, 39095.0, 4
6859, 40, 4.5, 348, 176.1, 7.0, -2.0, 1.0, 148, 39243.0, -5
6912, 39, 3.5, 353, 185.1, 6.0, 4.0, -1.0, 153, 39396.0, 5
6970, 35, -0.2, 349, 177.6, 2.0, 6.0, -4.0, 149, 39545.0, -4
7031, 35, 2.0, 349, 178.8, 2.0, 8.0, 0.0, 149, 39694.0, 0
7082, 35, 2.2, 353, 184.8, 2.0, 10.0, 0.0, 153, 39847.0, 4
7137, 35, 2.4, 349, 177.6, 2.0, 12.0, 0.0, 149, 39996.0, -4
7187, 35, 2.6, 349, 178.8, 2.0, 14.0, 0.0, 149, 40145.0, 0
7245, 35, 2.8, 345, 172.8, 2.0, 16.0, 0.0, 145, 40290.0, -4
7299, 31, -1.8, 349, 180.0, -2.0, 14.0, -4.0, 149, 40439.0, 4
7353, 29, -2.4, 353, 184.8, -4.0, 10.0, -2.0, 153, 40592.00000000001, 4
7406, 28, -3.0, 357, 189.6, -5.0, 5.0, -1.0, 157, 40749.0, 4
7461, 30, -0.5999999999999998, 349, 176.4, -3.0, 2.0, 2.0, 149, 40898.0, -8
7516, 31, -0.7, 357, 190.8, -2.0, 0.0, 1.0, 157, 41055.0, 8
7569, 32, -0.2, 348, 174.9, -1.0, -1.0, 1.0, 148, 41203.0, -9
7628, 29, -4.4, 353, 185.1, -4.0, -5.0, -3.0, 153, 41356.0, 5
7682, 29, -3.3, 353, 183.6, -4.0, -9.0, 0.0, 153, 41509.0, 0
7736, 30, -2.5, 358, 191.1, -3.0, -12.0, 1.0, 158, 41667.00000000001, 5
7790, 36, 3.9, 353, 182.1, 3.0, -9.0, 6.0, 153, 41820.0, -5
7849, 41, 7.2, 348, 176.1, 8.0, -1.0, 5.0, 148, 41968.00000000001, -5
7903, 42, 6.699999999999999, 355, 188.1, 9.0, 8.0, 1.0, 155, 42123.0, 7
7961, 34, -2.5, 353, 183.0, 1.0, 9.0, -8.0, 153, 42276.0, -2
8016, 31, -2.0, 353, 183.6, -2.0, 7.0, -3.0, 153, 42429.00000000001, 0
8069, 32, 0.5000000000000001, 347, 174.6, -1.0, 6.0, 1.0, 147, 42576.0, -6
8122, 33, 1.1, 347, 176.4, 0.0, 6.0, 1.0, 147, 42723.0, 0
8177, 37, 5.4, 348, 177.9, 4.0, 10.0, 4.0, 148, 42871.00000000001, 1
8231, 35, 1.4, 349, 179.1, 2.0, 12.0, -2.0, 149, 43020.0, 1
8286, 32, -1.0, 353, 184.8, -1.0, 11.0, -3.0, 153, 43173.0, 4
8344, 31, -0.7999999999999999, 360, 194.1, -2.0, 9.0, -1.0, 160, 43333.0, 7
8398, 31, -0.4999999999999999, 347, 172.5, -2.0, 7.0, 0.0, 147, 43480.0, -13
8453, 32, 0.5000000000000001, 340, 165.9, -1.0, 6.0, 1.0, 140, 43620.0, -7
8508, 29, -3.7, 355, 190.5, -4.0, 2.0, -3.0, 155, 43775.0, 15
8562, 26, -6.2, 347, 174.0, -7.0, -5.0, -3.0, 147, 43922.0, -8
8619, 26, -5.4, 349, 179.4, -7.0, -12.0, 0.0, 149, 44071.0, 2
8679, 32, 1.1, 347, 175.8, -1.0, -13.0, 6.0, 147, 44218.0, -2
8729, 37, 4.0, 347, 176.4, 4.0, -9.0, 5.0, 147, 44365.00000000001, 0
8787, 37, 1.9, 365, 203.4, 4.0, -5.0, 0.0, 165, 44530.0, 18
8842, 36, 1.1, 326, 139.5, 3.0, -2.0, -1.0, 126, 44656.0, -39
8898, 37, 3.1, 349, 185.7, 4.0, 2.0, 1.0, 149, 44805.0, 23
8951, 41, 7.8, 347, 175.8, 8.0, 10.0, 4.0, 147, 44952.00000000001, -2
9007, 40, 5.4, 349, 179.4, 7.0, 17.0, -1.0, 149, 45101.0, 2
9067, 37, 3.0, 355, 187.8, 4.0, 21.0, -3.0, 155, 45256.0, 6
9122, 31, -2.3, 349, 177.0, -2.0, 19.0, -6.0, 149, 45405.00000000001, -6
9173, 30, -0.6999999999999997, 357, 190.8, -3.0, 16.0, -1.0, 157, 45562.0, 8
9230, 31, 0.7000000000000002, 348, 174.9, -2.0, 14.0, 1.0, 148, 45710.00000000001, -9
9284, 30, -1.2, 353, 185.1, -3.0, 11.0, -1.0, 153, 45863.0, 5
9339, 28, -3.4, 349, 177.6, -5.0, 6.0, -2.0, 149, 46012.0, -4
9398, 28, -2.9, 349, 178.8, -5.0, 1.0, 0.0, 149, 46161.0, 0
9456, 29, -2.2, 353, 184.8, -4.0, -3.0, 1.0, 153, 46314.0, 4
9508, 29, -3.1, 349, 177.6, -4.0, -7.0, 0.0, 149, 46463.0, -4
9562, 31, -1.1, 353, 184.8, -2.0, -9.0, 2.0, 153, 46616.0, 4
9616, 34, 1.3, 338, 161.1, 1.0, -8.0, 3.0, 138, 46754.00000000001, -15
9669, 37, 3.5, 353, 188.1, 4.0, -4.0, 3.0, 153, 46907.00000000001, 15
9722, 37, 2.4, 349, 177.6, 4.0, 0.0, 0.0, 149, 47056.0, -4
9778, 34, -0.8, 353, 184.8, 1.0, 1.0, -3.0, 153, 47209.0, 4
9833, 33, -0.4, 326, 143.1, 0.0, 1.0, -1.0, 126, 47335.0, -27
9887, 34, 1.3, 376, 226.2, 1.0, 2.0, 1.0, 176, 47511.0, 50
9938, 38, 5.7, 349, 170.7, 5.0, 7.0, 4.0, 149, 47660.0, -27
9992, 37, 3.0, 362, 198.3, 4.0, 11.0, -1.0, 162, 47822.0, 13
10049, 39, 6.3, 355, 183.9, 6.0, 17.0, 2.0, 155, 47977.0, -7
10105, 37, 3.5, 353, 183.0, 4.0, 21.0, -2.0, 153, 48130.00000000001, -2
10162, 34, 1.3, 353, 183.6, 1.0, 22.0, -3.0, 153, 48283.0, 0
10219, 32, 0.5, 353, 183.6, -1.0, 21.0, -2.0, 153, 48436.0, 0
10273, 30, -1.0, 326, 143.1, -3.0, 18.0, -2.0, 126, 48562.0, -27
10327, 28, -2.7, 357, 197.7, -5.0, 13.0, -2.0, 157, 48719.0, 31
10381, 29, -1.0, 340, 162.9, -4.0, 9.0, 1.0, 140, 48859.0, -17
10432, 31, 0.5000000000000001, 321, 139.5, -2.0, 7.0, 2.0, 121, 48980.00000000001, -19
10486, 30, -1.9, 321, 145.2, -3.0, 4.0, -1.0, 121, 49101.0, 0
10540, 30, -1.7, 326, 152.7, -3.0, 1.0, 0.0, 126, 49227.0, 5
10593, 30, -2.0, 326, 151.2, -3.0, -2.0, 0.0, 126, 49353.0, 0
10649, 31, -1.1, 321, 143.7, -2.0, -4.0, 1.0, 121, 49474.0, -5
10702, 34, 1.8, 326, 152.7, 1.0, -3.0, 3.0, 126, 49600.0, 5
