time, color, angle, distance, speed, color_dev, color_int, color_der, speed_dev, speed_int, speed_der
0, 41, 9.6, 863, 994.5, 8.0, 8.0, 8.0, 663, 663.0, 663.0
55, 41, 6.4, 863, 795.6, 8.0, 16.0, 0.0, 663, 1326.0, 0
108, 39, 4.8, 856, 785.0999999999999, 6.0, 22.0, -2.0, 656, 1982.0, -7
163, 33, -0.7999999999999998, 863, 797.7, 0.0, 22.0, -6.0, 663, 2645.0, 7
219, 35, 4.600000000000001, 872, 809.1000000000001, 2.0, 24.0, 2.0, 672, 3317.0, 9
270, 40, 9.800000000000001, 855, 780.9, 7.0, 31.0, 5.0, 655, 3972.0, -17
323, 48, 17.6, 842, 766.5, 15.0, 46.00000000000001, 8.0, 642, 4614.0, -13
378, 41, 6.699999999999999, 848, 779.4, 8.0, 54.0, -7.0, 648, 5262.0, 6
431, 28, -4.6, 841, 767.0999999999999, -5.0, 49.0, -13.0, 641, 5903.0, -7
484, 19, -9.4, 812, 725.7, -14.0, 35.0, -9.0, 612, 6515.000000000001, -29
540, 13, -13.5, 825, 753.9, -20.0, 15.0, -6.0, 625, 7140.000000000001, 13
595, 17, -7.699999999999999, 817, 738.0, -16.0, -1.0, 4.0, 617, 7757.000000000001, -8
652, 25, -1.7, 812, 732.9, -8.0, -9.0, 8.0, 612, 8369.0, -5
705, 32, 1.9, 794, 707.4, -1.0, -10.0, 7.0, 594, 8962.999999999999, -18
756, 31, -2.9, 800, 721.8, -2.0, -12.0, -1.0, 600, 9563.000000000001, 6
814, 27, -7.399999999999999, 779, 688.5, -6.0, -18.0, -4.0, 579, 10142.0, -21
864, 26, -7.2, 780, 696.3, -7.0, -25.0, -1.0, 580, 10722.0, 1
920, 30, -2.6, 778, 693.0, -3.0, -28.0, 4.0, 578, 11300.0, -2
974, 37, 3.5, 780, 696.6, 4.0, -24.0, 7.0, 580, 11880.0, 2
1030, 40, 4.0, 762, 669.0, 7.0, -17.0, 3.0, 562, 12442.0, -18
1083, 41, 4.4, 757, 666.9, 8.0, -9.0, 1.0, 557, 12999.0, -5
1140, 45, 9.5, 757, 668.4, 12.0, 3.0, 4.0, 557, 13556.0, 0
1195, 48, 12.3, 756, 666.9, 15.0, 18.0, 3.0, 556, 14112.0, -1
1252, 45, 8.699999999999999, 756, 667.2, 12.0, 30.0, -3.0, 556, 14668.0, 0
1312, 40, 5.4, 744, 649.1999999999999, 7.0, 37.0, -5.0, 544, 15212.0, -12
1366, 29, -4.6, 730, 631.8, -4.0, 33.0, -11.0, 530, 15742.0, -14
1421, 24, -5.499999999999999, 729, 634.5, -9.0, 24.0, -5.0, 529, 16271.0, -1
1475, 23, -5.1, 728, 633.3000000000001, -10.0, 14.0, -1.0, 528, 16799.0, -1
1532, 21, -7.999999999999999, 729, 635.0999999999999, -12.0, 2.0, -2.0, 529, 17328.0, 1
1590, 23, -5.8, 730, 636.3, -10.0, -8.0, 2.0, 530, 17858.0, 1
1644, 26, -4.2, 706, 599.9999999999999, -7.0, -15.0, 3.0, 506, 18364.0, -24
1699, 35, 4.4, 713, 617.7, 2.0, -13.0, 9.0, 513, 18877.0, 7
1753, 40, 6.1, 702, 599.1000000000001, 7.0, -6.0, 5.0, 502, 19379.0, -11
1809, 42, 6.699999999999999, 687, 579.8999999999999, 9.0, 3.0, 2.0, 487, 19866.0, -15
1862, 38, 1.8, 668, 555.9, 5.0, 8.0, -4.0, 468, 20334.0, -19
1915, 33, -1.7, 689, 593.0999999999999, 0.0, 8.0, -5.0, 489, 20823.0, 21
1971, 30, -2.8, 679, 571.8, -3.0, 5.0, -3.0, 479, 21302.0, -10
2029, 31, -0.3999999999999999, 668, 558.3000000000001, -2.0, 3.0, 1.0, 468, 21770.0, -11
2079, 28, -4.7, 653, 539.1, -5.0, -2.0, -3.0, 453, 22223.0, -15
2133, 31, -0.1000000000000001, 654, 545.1, -2.0, -4.0, 3.0, 454, 22677.0, 1
2187, 36, 4.199999999999999, 643, 528.3, 3.0, -1.0, 5.0, 443, 23120.0, -11
2241, 35, 0.8, 634, 518.0999999999999, 2.0, 1.0, -1.0, 434, 23554.0, -9
2295, 39, 6.3, 635, 522.3, 6.0, 7.0, 4.0, 435, 23989.0, 1
2350, 40, 6.100000000000001, 626, 508.5, 7.0, 14.0, 1.0, 426, 24415.0, -9
2403, 40, 6.300000000000001, 376, 136.2, 7.0, 21.0, 0.0, 176, 24591.0, -250
2460, 35, 1.0, 605, 554.7000000000001, 2.0, 23.0, -5.0, 405, 24996.0, 229
2514, 26, -7.1, 590, 463.5, -7.0, 16.0, -9.0, 390, 25386.0, -15
2572, 25, -4.5, 555, 415.5, -8.0, 8.0, -1.0, 355, 25741.0, -35
2627, 26, -3.600000000000001, 597, 489.0, -7.0, 1.0, 1.0, 397, 26138.0, 42
2681, 24, -7.199999999999999, 582, 453.9, -9.0, -8.0, -2.0, 382, 26520.0, -15
2735, 28, -2.3, 572, 443.4, -5.0, -13.0, 4.0, 372, 26892.0, -10
2792, 31, -1.2, 570, 443.4, -2.0, -15.0, 3.0, 370, 27262.0, -2
2845, 40, 7.9, 563, 433.5, 7.0, -8.0, 9.0, 363, 27625.0, -7
2900, 45, 10.1, 515, 363.6, 12.0, 4.0, 5.0, 315, 27940.0, -48
2951, 44, 7.6, 544, 421.5, 11.0, 15.0, -1.0, 344, 28284.0, 29
3007, 44, 9.199999999999999, 532, 394.8, 11.0, 26.0, 0.0, 332, 28616.0, -12
3060, 34, -1.7, 504, 356.4000000000001, 1.0, 27.0, -10.0, 304, 28920.0, -28
3116, 30, -1.399999999999999, 517, 384.3, -3.0, 24.0, -4.0, 317, 29237.0, 13
3170, 26, -4.5, 510, 369.9, -7.0, 17.0, -4.0, 310, 29547.0, -7
3229, 18, -12.8, 504, 363.0, -15.0, 2.0, -8.0, 304, 29851.0, -6
3281, 24, -3.1, 506, 367.8, -9.0, -7.0, 6.0, 306, 30157.0, 2
3337, 27, -3.399999999999999, 498, 355.2, -6.0, -13.0, 3.0, 298, 30455.0, -8
3392, 34, 2.9, 474, 321.6, 1.0, -12.0, 7.0, 274, 30729.0, -24
3452, 41, 7.899999999999999, 462, 310.8, 8.0, -4.0, 7.0, 262, 30991.0, -12
3511, 45, 10.0, 455, 303.9, 12.0, 8.0, 4.0, 255, 31246.0, -7
3571, 41, 4.4, 452, 301.5, 8.0, 16.0, -4.0, 252, 31498.0, -3
3629, 31, -4.8, 446, 293.4, -2.0, 14.0, -10.0, 246, 31744.0, -6
3680, 25, -7.199999999999999, 427, 266.7, -8.0, 6.0, -6.0, 227, 31971.0, -19
3734, 25, -5.0, 425, 269.4, -8.0, -2.0, 0.0, 225, 32196.0, -2
3792, 27, -3.399999999999999, 427, 273.0, -6.0, -8.0, 2.0, 227, 32423.0, 2
3845, 31, -0.2000000000000002, 416, 255.9, -2.0, -10.0, 4.0, 216, 32639.0, -11
3902, 33, 0.0, 401, 236.7, 0.0, -10.0, 2.0, 201, 32840.0, -15
3955, 29, -5.8, 399, 238.2, -4.0, -14.0, -4.0, 199, 33039.0, -2
4012, 29, -4.2, 403, 244.8, -4.0, -18.0, 0.0, 203, 33242.0, 4
4064, 40, 8.6, 411, 255.6, 7.0, -11.0, 11.0, 211, 33453.0, 8
4119, 48, 13.4, 429, 280.2, 15.0, 4.0, 8.0, 229, 33682.0, 18
4173, 53, 16.9, 399, 229.8, 20.0, 24.0, 5.0, 199, 33881.0, -30
4227, 45, 6.799999999999999, 391, 226.8, 12.0, 36.0, -8.0, 191, 34072.0, -8
4282, 26, -10.8, 374, 203.7, -7.0, 29.0, -19.0, 174, 34246.0, -17
4336, 15, -15.2, 376, 211.8, -18.0, 11.0, -11.0, 176, 34422.0, 2
4391, 19, -6.700000000000001, 370, 202.2, -14.0, -3.0, 4.0, 170, 34592.0, -6
4450, 26, -1.7, 383, 223.5, -7.0, -10.0, 7.0, 183, 34775.0, 13
4505, 31, 0.1, 383, 219.6, -2.0, -12.0, 5.0, 183, 34958.0, 0
4561, 33, -0.2000000000000002, 366, 194.1, 0.0, -12.0, 2.0, 166, 35124.0, -17
4621, 35, 1.2, 364, 196.2, 2.0, -10.0, 2.0, 164, 35288.0, -2
4679, 32, -3.2, 357, 186.3, -1.0, -11.0, -3.0, 157, 35445.0, -7
4733, 29, -5.4, 361, 194.4, -4.0, -15.0, -3.0, 161, 35606.0, 4
4787, 34, 1.7, 361, 193.2, 1.0, -14.0, 5.0, 161, 35767.0, 0
4842, 42, 8.899999999999999, 357, 187.2, 9.0, -5.0, 8.0, 157, 35924.0, -4
4902, 47, 11.8, 340, 162.9, 14.0, 9.0, 5.0, 140, 36064.0, -17
4954, 41, 3.5, 364, 204.0, 8.0, 17.0, -6.0, 164, 36228.0, 24
5005, 33, -2.3, 362, 193.8, 0.0, 17.0, -8.0, 162, 36390.0, -2
5056, 28, -4.3, 361, 192.9, -5.0, 12.0, -5.0, 161, 36551.0, -1
5112, 29, -1.1, 357, 187.2, -4.0, 8.0, 1.0, 157, 36708.0, -4
5165, 29, -2.0, 364, 198.9, -4.0, 4.0, 0.0, 164, 36872.0, 7
5221, 30, -1.2, 355, 183.3, -3.0, 1.0, 1.0, 155, 37027.0, -9
5276, 33, 1.6, 361, 195.0, 0.0, 1.0, 3.0, 161, 37188.0, 6
5331, 32, -1.1, 357, 187.2, -1.0, 0.0, -1.0, 157, 37345.0, -4
5385, 29, -4.3, 349, 176.4, -4.0, -4.0, -3.0, 149, 37494.0, -8
5443, 28, -4.4, 349, 178.8, -5.0, -9.0, -1.0, 149, 37643.0, 0
5500, 31, -0.7999999999999998, 357, 190.8, -2.0, -11.0, 3.0, 157, 37800.0, 8
5554, 36, 3.5, 345, 170.4, 3.0, -8.0, 5.0, 145, 37945.0, -12
5608, 36, 1.3, 349, 180.0, 3.0, -5.0, 0.0, 149, 38094.0, 4
5661, 32, -3.2, 334, 156.3, -1.0, -6.0, -4.0, 134, 38228.0, -15
5720, 33, -0.1000000000000001, 353, 189.3, 0.0, -6.0, 1.0, 153, 38381.0, 19
5771, 37, 4.199999999999999, 353, 183.6, 4.0, -2.0, 4.0, 153, 38534.0, 0
5824, 41, 7.4, 355, 186.6, 8.0, 6.0, 4.0, 155, 38689.0, 2
5880, 42, 7.399999999999999, 348, 175.5, 9.0, 15.0, 1.0, 148, 38837.0, -7
5933, 39, 4.199999999999999, 349, 179.1, 6.0, 21.0, -3.0, 149, 38986.0, 1
5989, 31, -3.3, 329, 148.8, -2.0, 19.0, -8.0, 129, 39115.0, -20
6049, 30, -0.6999999999999997, 364, 207.3, -3.0, 16.0, -1.0, 164, 39279.0, 35
6105, 28, -2.9, 357, 186.3, -5.0, 11.0, -2.0, 157, 39436.0, -7
6160, 29, -1.2, 357, 188.4, -4.0, 7.0, 1.0, 157, 39593.0, 0
6221, 34, 3.9, 357, 188.4, 1.0, 8.0, 5.0, 157, 39750.0, 0
6274, 35, 2.7, 353, 182.4, 2.0, 10.0, 1.0, 153, 39903.0, -4
6331, 33, 0.0, 349, 177.6, 0.0, 10.0, -2.0, 149, 40052.0, -4
6390, 25, -8.6, 349, 178.8, -8.0, 2.0, -8.0, 149, 40201.0, 0
6450, 24, -6.6, 355, 187.8, -9.0, -7.0, -1.0, 155, 40356.00000000001, 6
6500, 28, -2.2, 349, 177.0, -5.0, -12.0, 4.0, 149, 40505.0, -6
6559, 35, 3.7, 361, 196.8, 2.0, -10.0, 7.0, 161, 40666.0, 12
6613, 34, -0.8, 353, 181.2, 1.0, -9.0, -1.0, 153, 40819.0, -8
6669, 33, -1.4, 349, 177.6, 0.0, -9.0, -1.0, 149, 40968.0, -4
6722, 38, 5.1, 353, 184.8, 5.0, -4.0, 5.0, 153, 41121.0, 4
6778, 41, 6.7, 353, 183.6, 8.0, 4.0, 3.0, 153, 41274.00000000001, 0
6833, 39, 3.6, 349, 177.6, 6.0, 10.0, -2.0, 149, 41423.00000000001, -4
6884, 35, 0.4000000000000004, 349, 178.8, 2.0, 12.0, -4.0, 149, 41572.0, 0
6940, 34, 1.4, 349, 178.8, 1.0, 13.0, -1.0, 149, 41721.0, 0
6994, 31, -1.6, 357, 190.8, -2.0, 11.0, -3.0, 157, 41878.0, 8
7044, 29, -2.7, 353, 182.4, -4.0, 7.0, -2.0, 153, 42031.0, -4
7102, 27, -4.5, 353, 183.6, -6.0, 1.0, -2.0, 153, 42184.0, 0
7153, 29, -1.7, 353, 183.6, -4.0, -3.0, 2.0, 153, 42337.0, 0
7210, 33, 1.7, 361, 195.6, 0.0, -3.0, 4.0, 161, 42498.0, 8
7263, 35, 2.1, 361, 193.2, 2.0, -1.0, 2.0, 161, 42659.0, 0
7317, 33, -1.1, 348, 173.7, 0.0, -1.0, -2.0, 148, 42807.0, -13
7371, 32, -1.3, 348, 177.6, -1.0, -2.0, -1.0, 148, 42955.00000000001, 0
7425, 32, -0.9, 345, 173.1, -1.0, -3.0, 0.0, 145, 43100.0, -3
7480, 32, -1.0, 355, 189.0, -1.0, -4.0, 0.0, 155, 43255.0, 10
7539, 32, -1.1, 348, 175.5, -1.0, -5.0, 0.0, 148, 43403.0, -7
7593, 33, 0.0, 326, 144.6, 0.0, -5.0, 1.0, 126, 43529.0, -22
7650, 37, 4.3, 357, 197.7, 4.0, -1.0, 4.0, 157, 43686.0, 31
7705, 38, 3.9, 347, 173.4, 5.0, 4.0, 1.0, 147, 43833.0, -10
7760, 39, 5.1, 355, 188.4, 6.0, 10.0, 1.0, 155, 43988.0, 8
7815, 37, 2.8, 349, 177.0, 4.0, 14.0, -2.0, 149, 44137.0, -6
7871, 33, -0.5999999999999998, 357, 190.8, 0.0, 14.0, -4.0, 157, 44294.0, 8
7925, 30, -2.2, 355, 185.4, -3.0, 11.0, -3.0, 155, 44449.00000000001, -2
7980, 33, 2.6, 353, 183.0, 0.0, 11.0, 3.0, 153, 44602.0, -2
8034, 31, -1.3, 353, 183.6, -2.0, 9.0, -2.0, 153, 44755.0, 0
8084, 30, -1.7, 340, 164.1, -3.0, 6.0, -1.0, 140, 44895.0, -13
8139, 33, 2.1, 348, 180.0, 0.0, 6.0, 3.0, 148, 45043.00000000001, 8
8193, 35, 3.0, 348, 177.6, 2.0, 8.0, 2.0, 148, 45191.0, 0
8244, 31, -2.6, 353, 185.1, -2.0, 6.0, -4.0, 153, 45344.00000000001, 5
8295, 26, -6.8, 349, 177.6, -7.0, -1.0, -5.0, 149, 45493.00000000001, -4
8351, 24, -7.399999999999999, 349, 178.8, -9.0, -10.0, -2.0, 149, 45642.0, 0
8409, 27, -3.699999999999999, 357, 190.8, -6.0, -16.0, 3.0, 157, 45799.0, 8
8464, 35, 3.8, 321, 134.4, 2.0, -14.0, 8.0, 121, 45920.00000000001, -36
8522, 38, 3.6, 357, 199.2, 5.0, -9.0, 3.0, 157, 46077.0, 36
8578, 38, 2.6, 353, 182.4, 5.0, -4.0, 0.0, 153, 46230.0, -4
8631, 35, -0.5, 357, 189.6, 2.0, -2.0, -3.0, 157, 46387.0, 4
8685, 38, 4.8, 355, 185.4, 5.0, 3.0, 3.0, 155, 46542.0, -2
8740, 39, 5.0, 353, 183.0, 6.0, 9.0, 1.0, 153, 46695.0, -2
8795, 33, -2.1, 353, 183.6, 0.0, 9.0, -6.0, 153, 46848.0, 0
8850, 31, -1.5, 353, 183.6, -2.0, 7.0, -2.0, 153, 47001.0, 0
8905, 31, -0.7, 353, 183.6, -2.0, 5.0, 0.0, 153, 47154.0, 0
8955, 35, 3.9, 353, 183.6, 2.0, 7.0, 4.0, 153, 47307.00000000001, 0
9010, 33, -0.2999999999999999, 353, 183.6, 0.0, 7.0, -2.0, 153, 47460.0, 0
9061, 30, -2.9, 353, 183.6, -3.0, 4.0, -3.0, 153, 47613.0, 0
9114, 32, 0.7000000000000001, 353, 183.6, -1.0, 3.0, 2.0, 153, 47766.0, 0
9169, 33, 0.8, 353, 183.6, 0.0, 3.0, 1.0, 153, 47919.0, 0
9229, 29, -4.5, 353, 183.6, -4.0, -1.0, -4.0, 153, 48072.0, 0
9285, 28, -4.1, 348, 176.1, -5.0, -6.0, -1.0, 148, 48220.0, -5
9335, 30, -1.7, 348, 177.6, -3.0, -9.0, 2.0, 148, 48368.0, 0
9391, 35, 3.0, 348, 177.6, 2.0, -7.0, 5.0, 148, 48516.0, 0
9443, 35, 0.7, 347, 176.1, 2.0, -5.0, 0.0, 147, 48663.0, -1
9499, 33, -1.5, 353, 185.4, 0.0, -5.0, -2.0, 153, 48816.00000000001, 6
9554, 35, 1.9, 353, 183.6, 2.0, -3.0, 2.0, 153, 48969.0, 0
9609, 41, 8.300000000000001, 353, 183.6, 8.0, 5.0, 6.0, 153, 49122.0, 0
9663, 44, 9.699999999999999, 353, 183.6, 11.0, 16.0, 3.0, 153, 49275.0, 0
9720, 39, 3.3, 348, 176.1, 6.0, 22.0, -5.0, 148, 49423.0, -5
9774, 28, -6.8, 348, 177.6, -5.0, 17.0, -11.0, 148, 49571.00000000001, 0
9828, 26, -4.2, 347, 176.1, -7.0, 10.0, -2.0, 147, 49718.0, -1
9881, 28, -1.5, 357, 191.4, -5.0, 5.0, 2.0, 157, 49875.0, 10
9934, 30, -0.5999999999999998, 353, 182.4, -3.0, 2.0, 2.0, 153, 50028.00000000001, -4
9984, 28, -4.3, 340, 164.1, -5.0, -3.0, -2.0, 140, 50168.0, -13
10041, 31, -0.2, 348, 180.0, -2.0, -5.0, 3.0, 148, 50316.0, 8
10100, 33, 0.5, 345, 173.1, 0.0, -5.0, 2.0, 145, 50461.0, -3
10154, 33, -0.5, 348, 178.5, 0.0, -5.0, 0.0, 148, 50609.0, 3
10208, 30, -4.1, 336, 159.6, -3.0, -8.0, -3.0, 136, 50745.0, -12
10262, 30, -2.9, 329, 152.7, -3.0, -11.0, 0.0, 129, 50874.00000000001, -7
10316, 30, -3.2, 326, 150.3, -3.0, -14.0, 0.0, 126, 51000.00000000001, -3
10372, 33, 0.1, 326, 151.2, 0.0, -14.0, 3.0, 126, 51126.0, 0
10423, 37, 3.4, 321, 143.7, 4.0, -10.0, 4.0, 121, 51247.0, -5
