time, color, angle, distance, speed, color_dev, color_int, color_der, speed_dev, speed_int, speed_der
0, 19, -16.8, 863, 994.5, -14.0, -14.0, -14.0, 663, 663.0, 663.0
60, 19, -11.2, 863, 795.6, -14.0, -28.0, 0.0, 663, 1326.0, 0
111, 22, -9.0, 863, 795.6, -11.0, -39.0, 3.0, 663, 1989.0, 0
166, 28, -4.4, 871, 807.5999999999999, -5.0, -44.0, 6.0, 671, 2660.0, 8
218, 33, -1.9, 861, 790.1999999999999, 0.0, -44.0, 5.0, 661, 3321.0, -10
279, 40, 4.0, 855, 784.2000000000001, 7.0, -37.0, 7.0, 655, 3976.0, -6
338, 42, 3.599999999999999, 849, 777.0, 9.0, -28.0, 2.0, 649, 4625.0, -6
389, 38, -1.3, 849, 778.7999999999999, 5.0, -23.0, -4.0, 649, 5274.000000000001, 0
446, 33, -4.800000000000001, 834, 756.3, 0.0, -23.0, -5.0, 634, 5908.0, -15
501, 32, -3.5, 831, 756.3, -1.0, -24.0, -1.0, 631, 6539.000000000001, -3
557, 35, 0.4999999999999998, 788, 692.7, 2.0, -22.0, 3.0, 588, 7127.0, -43
612, 37, 1.6, 796, 717.5999999999999, 4.0, -18.0, 2.0, 596, 7723.000000000001, 8
668, 39, 3.399999999999999, 794, 712.2, 6.0, -12.0, 2.0, 594, 8317.0, -2
721, 39, 3.0, 788, 703.8000000000001, 6.0, -6.0, 0.0, 588, 8904.999999999999, -6
776, 42, 7.199999999999999, 786, 702.5999999999999, 9.0, 3.0, 3.0, 586, 9491.0, -2
830, 44, 9.0, 792, 712.2, 11.0, 14.0, 2.0, 592, 10083.0, 6
890, 44, 9.1, 765, 669.9, 11.0, 25.0, 0.0, 565, 10648.0, -27
941, 36, 0.5999999999999996, 766, 679.4999999999999, 3.0, 28.0, -8.0, 566, 11214.0, 1
992, 28, -4.699999999999999, 766, 679.2, -5.0, 23.0, -8.0, 566, 11780.0, 0
1046, 24, -5.999999999999999, 766, 679.2, -9.0, 14.0, -4.0, 566, 12346.0, 0
1102, 23, -6.1, 754, 661.1999999999999, -10.0, 4.0, -1.0, 554, 12900.0, -12
1156, 22, -7.8, 754, 664.8, -11.0, -7.0, -1.0, 554, 13454.0, 0
1213, 23, -7.2, 754, 664.8, -10.0, -17.0, 1.0, 554, 14008.0, 0
1268, 31, 0.9, 736, 637.8, -2.0, -19.0, 8.0, 536, 14544.0, -18
1326, 39, 6.3, 740, 649.2000000000001, 6.0, -13.0, 8.0, 540, 15084.0, 4
1380, 45, 10.1, 730, 633.0, 12.0, -1.0, 6.0, 530, 15614.0, -10
1442, 49, 13.1, 729, 634.5, 16.0, 15.0, 4.0, 529, 16143.0, -1
1498, 44, 6.699999999999999, 722, 624.2999999999999, 11.0, 26.0, -5.0, 522, 16665.0, -7
1553, 29, -7.699999999999999, 721, 624.9, -4.0, 22.0, -15.0, 521, 17186.0, -1
1607, 24, -6.6, 714, 614.6999999999999, -9.0, 13.0, -5.0, 514, 17700.0, -7
1661, 20, -9.800000000000001, 706, 604.8, -13.0, 0.0, -4.0, 506, 18206.0, -8
1716, 22, -6.699999999999999, 696, 592.2, -11.0, -11.0, 2.0, 496, 18702.0, -10
1770, 24, -6.399999999999999, 685, 578.7000000000001, -9.0, -20.0, 2.0, 485, 19187.0, -11
1827, 32, 1.3, 666, 553.4999999999999, -1.0, -21.0, 8.0, 466, 19653.0, -19
1881, 40, 6.8, 677, 575.7, 7.0, -14.0, 8.0, 477, 20130.0, 11
1937, 46, 10.7, 668, 558.9, 13.0, -1.0, 6.0, 468, 20598.0, -9
1991, 45, 7.799999999999999, 653, 539.1, 12.0, 11.0, -1.0, 453, 21051.0, -15
2047, 39, 2.3, 645, 531.6000000000001, 6.0, 17.0, -6.0, 445, 21496.0, -8
2101, 30, -4.899999999999999, 641, 527.9999999999999, -3.0, 14.0, -9.0, 441, 21937.0, -4
2156, 28, -3.1, 639, 526.2, -5.0, 9.0, -2.0, 439, 22376.0, -2
2210, 28, -2.6, 632, 516.2999999999999, -5.0, 4.0, 0.0, 432, 22808.0, -7
2267, 29, -1.9, 630, 515.4, -4.0, 0.0, 1.0, 430, 23238.0, -2
2321, 31, -0.3999999999999999, 630, 516.0, -2.0, -2.0, 2.0, 430, 23668.0, 0
2376, 33, 0.8, 607, 481.5, 0.0, -2.0, 2.0, 407, 24075.0, -23
2429, 35, 2.2, 614, 498.9, 2.0, 0.0, 2.0, 414, 24489.0, 7
2488, 38, 5.0, 607, 486.3, 5.0, 5.0, 3.0, 407, 24896.0, -7
2539, 41, 7.6, 581, 449.4, 8.0, 13.0, 3.0, 381, 25277.0, -26
2589, 39, 4.5, 578, 452.7, 6.0, 19.0, -2.0, 378, 25655.0, -3
2647, 31, -3.5, 578, 453.6, -2.0, 17.0, -8.0, 378, 26033.0, 0
2697, 26, -5.7, 572, 444.6, -7.0, 10.0, -5.0, 372, 26405.0, -6
2747, 26, -3.9, 563, 432.9, -7.0, 3.0, 0.0, 363, 26768.0, -9
2798, 28, -2.2, 519, 369.6, -5.0, -2.0, 2.0, 319, 27087.0, -44
2855, 29, -2.5, 509, 367.8, -4.0, -6.0, 1.0, 309, 27396.0, -10
2907, 31, -1.0, 511, 373.8, -2.0, -8.0, 2.0, 311, 27707.0, 2
2960, 31, -2.2, 511, 373.2, -2.0, -10.0, 0.0, 311, 28018.0, 0
3017, 36, 3.6, 518, 383.7, 3.0, -7.0, 5.0, 318, 28336.0, 7
3070, 44, 11.0, 491, 341.1, 11.0, 4.0, 8.0, 291, 28627.0, -27
3126, 38, 0.9, 504, 368.7, 5.0, 9.0, -6.0, 304, 28931.0, 13
3179, 35, 0.7999999999999998, 491, 345.3, 2.0, 11.0, -3.0, 291, 29222.0, -13
3238, 31, -2.3, 481, 334.2, -2.0, 9.0, -4.0, 281, 29503.0, -10
3294, 32, 0.7000000000000001, 481, 337.2, -1.0, 8.0, 1.0, 281, 29784.0, 0
3349, 33, 1.3, 471, 322.2, 0.0, 8.0, 1.0, 271, 30055.0, -10
3399, 35, 3.2, 445, 286.2, 2.0, 10.0, 2.0, 245, 30300.0, -26
3450, 34, 1.2, 436, 280.5, 1.0, 11.0, -1.0, 236, 30536.0, -9
3506, 30, -3.0, 433, 278.7, -3.0, 8.0, -4.0, 233, 30769.0, -3
3561, 30, -1.3, 428, 272.1, -3.0, 5.0, 0.0, 228, 30997.0, -5
3617, 35, 4.4, 427, 272.1, 2.0, 7.0, 5.0, 227, 31224.0, -1
3671, 36, 3.3, 412, 249.9, 3.0, 10.0, 1.0, 212, 31436.0, -15
3730, 32, -1.7, 425, 273.9, -1.0, 9.0, -4.0, 225, 31661.0, 13
3786, 27, -5.8, 420, 262.5, -6.0, 3.0, -5.0, 220, 31881.0, -5
3849, 29, -1.5, 411, 250.5, -4.0, -1.0, 2.0, 211, 32092.0, -9
3907, 34, 3.1, 404, 242.7, 1.0, 0.0, 5.0, 204, 32296.0, -7
3958, 33, -0.5, 397, 234.3, 0.0, 0.0, -1.0, 197, 32493.0, -7
4012, 29, -4.8, 399, 239.4, -4.0, -4.0, -4.0, 199, 32692.0, 2
4065, 27, -5.6, 404, 246.3, -6.0, -10.0, -2.0, 204, 32896.0, 5
4121, 29, -2.8, 399, 237.3, -4.0, -14.0, 2.0, 199, 33095.0, -5
4177, 36, 4.199999999999999, 383, 214.8, 3.0, -11.0, 7.0, 183, 33278.0, -16
4229, 39, 4.6, 376, 209.1, 6.0, -5.0, 3.0, 176, 33454.0, -7
4287, 41, 6.1, 376, 211.2, 8.0, 3.0, 2.0, 176, 33630.0, 0
4340, 39, 3.5, 380, 217.2, 6.0, 9.0, -2.0, 180, 33810.0, 4
4397, 34, -0.9, 376, 210.0, 1.0, 10.0, -5.0, 176, 33986.0, -4
4448, 33, 0.5, 376, 211.2, 0.0, 10.0, -1.0, 176, 34162.0, 0
4506, 31, -1.4, 370, 202.2, -2.0, 8.0, -2.0, 170, 34332.0, -6
4559, 28, -4.2, 366, 198.0, -5.0, 3.0, -3.0, 166, 34498.0, -4
4617, 31, 0.4000000000000002, 365, 197.7, -2.0, 1.0, 3.0, 165, 34663.0, -1
4675, 36, 4.699999999999999, 365, 198.0, 3.0, 4.0, 5.0, 165, 34828.0, 0
4737, 33, -1.1, 370, 205.5, 0.0, 4.0, -3.0, 170, 34998.0, 5
4791, 30, -3.2, 353, 178.5, -3.0, 1.0, -3.0, 153, 35151.0, -17
4846, 28, -4.4, 355, 186.6, -5.0, -4.0, -2.0, 155, 35306.0, 2
4899, 28, -3.9, 357, 189.0, -5.0, -9.0, 0.0, 157, 35463.0, 2
4950, 30, -2.0, 355, 185.4, -3.0, -12.0, 2.0, 155, 35618.0, -2
5002, 32, -0.9, 365, 201.0, -1.0, -13.0, 2.0, 165, 35783.0, 10
5052, 37, 4.0, 349, 174.0, 4.0, -9.0, 5.0, 149, 35932.0, -16
5107, 42, 7.899999999999999, 365, 202.8, 9.0, 0.0, 5.0, 165, 36097.0, 16
5158, 45, 9.899999999999999, 357, 186.0, 12.0, 12.0, 3.0, 157, 36254.0, -8
5217, 39, 2.399999999999999, 353, 182.4, 6.0, 18.0, -6.0, 153, 36407.0, -4
5273, 30, -4.8, 340, 164.1, -3.0, 15.0, -9.0, 140, 36547.0, -13
5328, 26, -5.4, 348, 180.0, -7.0, 8.0, -4.0, 148, 36695.0, 8
5382, 29, -0.5, 345, 173.1, -4.0, 4.0, 3.0, 145, 36840.0, -3
5436, 30, -1.2, 348, 178.5, -3.0, 1.0, 1.0, 148, 36988.0, 3
5495, 30, -2.0, 349, 179.1, -3.0, -2.0, 0.0, 149, 37137.0, 1
5549, 32, 0.1, 349, 178.8, -1.0, -3.0, 2.0, 149, 37286.0, 0
5607, 33, 0.2, 357, 190.8, 0.0, -3.0, 1.0, 157, 37443.0, 8
5661, 32, -1.5, 364, 198.9, -1.0, -4.0, -1.0, 164, 37607.0, 7
5716, 29, -4.7, 353, 180.3, -4.0, -8.0, -3.0, 153, 37760.0, -11
5772, 32, 0.0, 353, 183.6, -1.0, -9.0, 3.0, 153, 37913.0, 0
5826, 35, 2.0, 347, 174.6, 2.0, -7.0, 3.0, 147, 38060.0, -6
5877, 35, 0.7, 351, 182.4, 2.0, -5.0, 0.0, 151, 38211.0, 4
5928, 34, -0.3, 357, 190.2, 1.0, -4.0, -1.0, 157, 38368.0, 6
5981, 33, -0.9, 353, 182.4, 0.0, -4.0, -1.0, 153, 38521.0, -4
6036, 33, -0.4, 366, 203.1, 0.0, -4.0, 0.0, 166, 38687.0, 13
6097, 37, 4.4, 357, 185.7, 4.0, 0.0, 4.0, 157, 38844.0, -9
6152, 41, 7.6, 364, 198.9, 8.0, 8.0, 4.0, 164, 39008.0, 7
6209, 42, 7.6, 355, 183.3, 9.0, 17.0, 1.0, 155, 39163.0, -9
6265, 37, 2.0, 345, 171.0, 4.0, 21.0, -5.0, 145, 39308.0, -10
6318, 31, -2.3, 349, 180.0, -2.0, 19.0, -6.0, 149, 39457.0, 4
6369, 27, -4.3, 345, 172.8, -6.0, 13.0, -4.0, 145, 39602.0, -4
6426, 24, -6.499999999999999, 345, 174.0, -9.0, 4.0, -3.0, 145, 39747.0, 0
6479, 26, -3.5, 364, 202.5, -7.0, -3.0, 2.0, 164, 39911.0, 19
6535, 32, 2.0, 348, 172.8, -1.0, -4.0, 6.0, 148, 40059.0, -16
6588, 36, 3.7, 348, 177.6, 3.0, -1.0, 4.0, 148, 40207.00000000001, 0
6639, 34, -0.4, 345, 173.1, 1.0, 0.0, -2.0, 145, 40352.00000000001, -3
6695, 30, -4.1, 336, 160.5, -3.0, -3.0, -4.0, 136, 40488.0, -9
6749, 30, -2.4, 349, 182.7, -3.0, -6.0, 0.0, 149, 40637.0, 13
6807, 32, -0.3, 348, 177.3, -1.0, -7.0, 2.0, 148, 40785.0, -1
6860, 34, 1.0, 348, 177.6, 1.0, -6.0, 2.0, 148, 40933.0, 0
6927, 37, 3.7, 348, 177.6, 4.0, -2.0, 3.0, 148, 41081.0, 0
6977, 37, 2.6, 348, 177.6, 4.0, 2.0, 0.0, 148, 41229.0, 0
7027, 37, 3.0, 355, 188.1, 4.0, 6.0, 0.0, 155, 41384.0, 7
7081, 35, 1.0, 357, 189.0, 2.0, 8.0, -2.0, 157, 41541.00000000001, 2
7135, 35, 2.2, 355, 185.4, 2.0, 10.0, 0.0, 155, 41696.0, -2
7190, 35, 2.4, 321, 135.0, 2.0, 12.0, 0.0, 121, 41817.0, -34
7246, 34, 1.4, 353, 193.2, 1.0, 13.0, -1.0, 153, 41970.0, 32
7306, 34, 2.0, 348, 176.1, 1.0, 14.0, 0.0, 148, 42118.0, -5
7360, 31, -1.5, 349, 179.1, -2.0, 12.0, -3.0, 149, 42267.0, 1
7415, 29, -2.6, 349, 178.8, -4.0, 8.0, -2.0, 149, 42416.0, 0
7468, 31, 0.4000000000000002, 348, 177.3, -2.0, 6.0, 2.0, 148, 42564.0, -1
7523, 33, 1.6, 353, 185.1, 0.0, 6.0, 2.0, 153, 42717.0, 5
7577, 34, 1.8, 357, 189.6, 1.0, 7.0, 1.0, 157, 42874.0, 4
7630, 32, -1.0, 357, 188.4, -1.0, 6.0, -2.0, 157, 43031.00000000001, 0
7685, 31, -1.3, 345, 170.4, -2.0, 4.0, -1.0, 145, 43176.00000000001, -12
7741, 29, -3.4, 355, 189.0, -4.0, 0.0, -2.0, 155, 43331.0, 10
7797, 29, -2.8, 355, 186.0, -4.0, -4.0, 0.0, 155, 43486.0, 0
7850, 31, -0.8, 357, 189.0, -2.0, -6.0, 2.0, 157, 43643.0, 2
7907, 34, 1.6, 348, 174.9, 1.0, -5.0, 3.0, 148, 43791.0, -9
7961, 37, 3.8, 348, 177.6, 4.0, -1.0, 3.0, 148, 43939.0, 0
8016, 41, 7.5, 355, 188.1, 8.0, 7.0, 4.0, 155, 44094.00000000001, 7
8069, 39, 3.899999999999999, 355, 186.0, 6.0, 13.0, -2.0, 155, 44249.0, 0
8128, 34, -0.5, 357, 189.0, 1.0, 14.0, -5.0, 157, 44406.0, 2
8181, 31, -1.5, 345, 170.4, -2.0, 12.0, -3.0, 145, 44551.0, -12
8235, 29, -2.6, 349, 180.0, -4.0, 8.0, -2.0, 149, 44700.00000000001, 4
8289, 30, -0.7999999999999998, 349, 178.8, -3.0, 5.0, 1.0, 149, 44849.00000000001, 0
8340, 29, -2.8, 347, 175.8, -4.0, 1.0, -1.0, 147, 44996.0, -2
8397, 28, -3.9, 355, 188.4, -5.0, -4.0, -1.0, 155, 45151.0, 8
8450, 31, -0.3, 355, 186.0, -2.0, -6.0, 3.0, 155, 45306.00000000001, 0
8508, 37, 5.199999999999999, 348, 175.5, 4.0, -2.0, 6.0, 148, 45454.0, -7
8561, 36, 1.4, 348, 177.6, 3.0, 1.0, -1.0, 148, 45602.0, 0
8615, 31, -3.8, 345, 173.1, -2.0, -1.0, -5.0, 145, 45747.0, -3
8669, 26, -7.5, 348, 178.5, -7.0, -8.0, -5.0, 148, 45895.0, 3
8728, 27, -4.5, 355, 188.1, -6.0, -14.0, 1.0, 155, 46050.0, 7
8782, 30, -2.0, 355, 186.0, -3.0, -17.0, 3.0, 155, 46205.0, 0
8836, 35, 2.2, 355, 186.0, 2.0, -15.0, 5.0, 155, 46360.0, 0
8890, 40, 5.9, 349, 177.0, 7.0, -8.0, 5.0, 149, 46509.0, -6
8940, 44, 8.899999999999999, 353, 184.8, 11.0, 3.0, 4.0, 153, 46662.0, 4
8992, 46, 10.4, 353, 183.6, 13.0, 16.0, 2.0, 153, 46815.00000000001, 0
9046, 44, 8.300000000000001, 357, 189.6, 11.0, 27.0, -2.0, 157, 46972.0, 4
9100, 33, -2.8, 345, 170.4, 0.0, 27.0, -11.0, 145, 47117.0, -12
9158, 27, -4.5, 349, 180.0, -6.0, 21.0, -6.0, 149, 47266.0, 4
9212, 26, -3.3, 345, 172.8, -7.0, 14.0, -1.0, 145, 47411.0, -4
9266, 26, -3.5, 345, 174.0, -7.0, 7.0, 0.0, 145, 47556.0, 0
9320, 27, -3.0, 347, 177.0, -6.0, 1.0, 1.0, 147, 47703.00000000001, 2
9376, 28, -2.9, 348, 177.9, -5.0, -4.0, 1.0, 148, 47851.0, 1
9435, 32, 0.9, 355, 188.1, -1.0, -5.0, 4.0, 155, 48006.0, 7
9490, 34, 1.2, 357, 189.0, 1.0, -4.0, 2.0, 157, 48163.0, 2
9546, 33, -0.9, 357, 188.4, 0.0, -4.0, -1.0, 157, 48320.0, 0
9599, 29, -5.2, 347, 173.4, -4.0, -8.0, -4.0, 147, 48467.0, -10
9656, 27, -6.0, 349, 179.4, -6.0, -14.0, -2.0, 149, 48616.0, 2
9711, 30, -2.0, 349, 178.8, -3.0, -17.0, 3.0, 149, 48765.0, 0
9762, 33, -0.2000000000000002, 345, 172.8, 0.0, -17.0, 3.0, 145, 48910.0, -4
9818, 35, 0.7, 348, 178.5, 2.0, -15.0, 2.0, 148, 49058.0, 3
9869, 41, 7.1, 355, 188.1, 8.0, -7.0, 6.0, 155, 49213.0, 7
9927, 44, 8.5, 348, 175.5, 11.0, 4.0, 3.0, 148, 49361.00000000001, -7
9981, 45, 9.299999999999999, 357, 191.1, 12.0, 16.0, 1.0, 157, 49518.0, 9
10035, 43, 7.6, 355, 185.4, 10.0, 26.0, -2.0, 155, 49673.0, -2
10087, 34, -1.2, 353, 183.0, 1.0, 27.0, -9.0, 153, 49826.00000000001, -2
10139, 28, -3.8, 345, 171.6, -5.0, 22.0, -6.0, 145, 49971.00000000001, -8
10197, 27, -2.5, 383, 231.0, -6.0, 16.0, -1.0, 183, 50154.00000000001, 38
10251, 27, -2.6, 345, 162.6, -6.0, 10.0, 0.0, 145, 50299.0, -38
10306, 25, -5.6, 340, 166.5, -8.0, 2.0, -2.0, 140, 50439.0, -5
10360, 28, -1.8, 322, 141.0, -5.0, -3.0, 3.0, 122, 50561.0, -18
10415, 31, -0.2, 326, 152.4, -2.0, -5.0, 3.0, 126, 50687.00000000001, 4
10470, 31, -1.9, 322, 145.2, -2.0, -7.0, 0.0, 122, 50809.00000000001, -4
