time, color, angle, distance, speed, color_dev, color_int, color_der, speed_dev, speed_int, speed_der
0, 42, 10.8, 861, 991.4999999999999, 9.0, 9.0, 9.0, 661, 661.0, 661.0
58, 42, 7.199999999999999, 861, 793.1999999999999, 9.0, 18.0, 0.0, 661, 1322.0, 0
111, 38, 3.300000000000001, 856, 785.6999999999999, 5.0, 23.0, -4.0, 656, 1978.0, -5
170, 37, 4.6, 861, 794.6999999999999, 4.0, 27.0, -1.0, 661, 2639.0, 5
221, 33, 0.7000000000000002, 834, 752.6999999999999, 0.0, 27.0, -4.0, 634, 3273.000000000001, -27
276, 32, 1.5, 849, 783.2999999999999, -1.0, 26.0, -1.0, 649, 3922.0, 15
330, 29, -1.7, 831, 751.8, -4.0, 22.0, -3.0, 631, 4553.0, -18
387, 27, -3.0, 818, 737.7000000000001, -6.0, 16.0, -2.0, 618, 5171.0, -13
447, 23, -7.4, 814, 735.5999999999999, -10.0, 6.0, -4.0, 614, 5785.0, -4
502, 24, -5.199999999999999, 810, 730.8, -9.0, -3.0, 1.0, 610, 6395.0, -4
558, 27, -3.0, 792, 705.0, -6.0, -9.0, 3.0, 592, 6987.000000000001, -18
618, 31, -0.2999999999999998, 796, 716.4, -2.0, -11.0, 4.0, 596, 7583.0, 4
677, 33, -0.1000000000000001, 757, 656.6999999999999, 0.0, -11.0, 2.0, 557, 8140.000000000001, -39
735, 35, 1.3, 764, 678.9, 2.0, -9.0, 2.0, 564, 8704.000000000001, 7
787, 39, 5.3, 757, 666.2999999999999, 6.0, -3.0, 4.0, 557, 9261.000000000001, -7
840, 42, 7.5, 757, 668.4, 9.0, 6.0, 3.0, 557, 9818.000000000001, 0
897, 36, -0.3000000000000003, 757, 668.4, 3.0, 9.0, -6.0, 557, 10375.0, 0
950, 34, 0.6000000000000001, 757, 668.4, 1.0, 10.0, -2.0, 557, 10932.0, 0
1006, 31, -1.9, 726, 621.9, -2.0, 8.0, -3.0, 526, 11458.0, -31
1060, 31, -0.5999999999999998, 712, 610.1999999999999, -2.0, 6.0, 0.0, 512, 11970.0, -14
1116, 32, 0.4, 712, 614.4, -1.0, 5.0, 1.0, 512, 12482.0, 0
1169, 32, -0.2, 704, 602.4, -1.0, 4.0, 0.0, 504, 12986.0, -8
1224, 33, 0.9, 668, 550.8000000000001, 0.0, 4.0, 1.0, 468, 13454.0, -36
1277, 36, 4.0, 668, 561.6000000000001, 3.0, 7.0, 3.0, 468, 13922.0, 0
1330, 38, 5.2, 712, 627.6000000000001, 5.0, 12.0, 2.0, 512, 14434.0, 44
1386, 33, -1.3, 712, 614.4, 0.0, 12.0, -5.0, 512, 14946.0, 0
1440, 30, -2.4, 687, 576.9, -3.0, 9.0, -3.0, 487, 15433.0, -25
1496, 28, -3.6, 705, 611.4, -5.0, 4.0, -2.0, 505, 15938.0, 18
1550, 31, 0.5, 644, 514.5, -2.0, 2.0, 3.0, 444, 16382.0, -61
1601, 32, 0.0, 639, 525.2999999999999, -1.0, 1.0, 1.0, 439, 16821.0, -5
1652, 34, 1.8, 622, 501.3, 1.0, 2.0, 2.0, 422, 17243.0, -17
1702, 32, -1.5, 626, 512.4, -1.0, 1.0, -2.0, 426, 17669.0, 4
1758, 35, 3.0, 639, 530.6999999999999, 2.0, 3.0, 3.0, 439, 18108.0, 13
1812, 36, 2.9, 618, 495.2999999999999, 3.0, 6.0, 1.0, 418, 18526.0, -21
1870, 36, 2.7, 555, 407.1000000000001, 3.0, 9.0, 0.0, 355, 18881.0, -63
1922, 34, 0.6000000000000001, 574, 454.5, 1.0, 10.0, -2.0, 374, 19255.0, 19
1979, 34, 1.7, 532, 385.8, 1.0, 11.0, 0.0, 332, 19587.0, -42
2036, 31, -1.8, 544, 416.4000000000001, -2.0, 9.0, -3.0, 344, 19931.0, 12
2090, 30, -1.7, 537, 402.3, -3.0, 6.0, -1.0, 337, 20268.0, -7
2146, 33, 2.1, 491, 335.4, 0.0, 6.0, 3.0, 291, 20559.0, -46
2203, 33, 0.6000000000000001, 499, 361.2, 0.0, 6.0, 0.0, 299, 20858.0, 8
2259, 35, 3.0, 483, 334.7999999999999, 2.0, 8.0, 2.0, 283, 21141.0, -16
2312, 33, -0.2, 483, 339.6, 0.0, 8.0, -2.0, 283, 21424.0, 0
2367, 31, -1.6, 469, 318.6, -2.0, 6.0, -2.0, 269, 21693.0, -14
2422, 28, -4.4, 462, 312.3, -5.0, 1.0, -3.0, 262, 21955.0, -7
2476, 33, 2.6, 448, 293.4, 0.0, 1.0, 5.0, 248, 22203.0, -14
2529, 37, 4.9, 433, 275.1, 4.0, 5.0, 4.0, 233, 22436.0, -15
2586, 35, 0.9, 429, 273.6, 2.0, 7.0, -2.0, 229, 22665.0, -4
2646, 31, -2.7, 418, 258.3, -2.0, 5.0, -4.0, 218, 22883.0, -11
2700, 30, -2.1, 420, 264.6, -3.0, 2.0, -1.0, 220, 23103.0, 2
2755, 34, 2.9, 418, 260.9999999999999, 1.0, 3.0, 4.0, 218, 23321.0, -2
2816, 34, 1.0, 410, 249.6, 1.0, 4.0, 0.0, 210, 23531.0, -8
2869, 35, 2.3, 412, 255.0, 2.0, 6.0, 1.0, 212, 23743.0, 2
2923, 31, -2.8, 408, 248.4, -2.0, 4.0, -4.0, 208, 23951.0, -4
2979, 31, -1.0, 410, 252.6, -2.0, 2.0, 0.0, 210, 24161.0, 2
3033, 33, 1.2, 420, 267.0, 0.0, 2.0, 2.0, 220, 24381.0, 10
3098, 37, 5.0, 404, 240.0, 4.0, 6.0, 4.0, 204, 24585.0, -16
3148, 36, 2.2, 397, 234.3, 3.0, 9.0, -1.0, 197, 24782.0, -7
3207, 34, 0.6000000000000001, 401, 242.4, 1.0, 10.0, -2.0, 201, 24983.0, 4
3261, 29, -4.3, 428, 281.7, -4.0, 6.0, -5.0, 228, 25211.0, 27
3322, 29, -2.2, 446, 300.6, -4.0, 2.0, 0.0, 246, 25457.0, 18
3378, 33, 2.2, 460, 316.2, 0.0, 2.0, 4.0, 260, 25717.0, 14
3432, 37, 5.0, 372, 180.0, 4.0, 6.0, 4.0, 172, 25889.0, -88
3488, 40, 7.0, 353, 177.9, 7.0, 13.0, 3.0, 153, 26042.0, -19
3541, 36, 1.4, 340, 164.1, 3.0, 16.0, -4.0, 140, 26182.0, -13
3597, 34, 1.3, 338, 165.0, 1.0, 17.0, -2.0, 138, 26320.0, -2
3650, 32, 0.0, 340, 168.6, -1.0, 16.0, -2.0, 140, 26460.0, 2
3706, 31, -0.2999999999999998, 348, 180.0, -2.0, 14.0, -1.0, 148, 26608.0, 8
3760, 28, -3.6, 349, 179.1, -5.0, 9.0, -3.0, 149, 26757.0, 1
3817, 28, -2.6, 338, 162.3, -5.0, 4.0, 0.0, 138, 26895.0, -11
3872, 34, 4.1, 347, 179.1, 1.0, 5.0, 6.0, 147, 27042.0, 9
3927, 37, 4.8, 357, 191.4, 4.0, 9.0, 3.0, 157, 27199.0, 10
3984, 33, -1.1, 357, 188.4, 0.0, 9.0, -4.0, 157, 27356.0, 0
4037, 29, -3.9, 361, 194.4, -4.0, 5.0, -4.0, 161, 27517.0, 4
4091, 26, -5.9, 347, 172.2, -7.0, -2.0, -3.0, 147, 27664.0, -14
4148, 29, -1.5, 345, 173.4, -4.0, -6.0, 3.0, 145, 27809.0, -2
4204, 33, 1.4, 347, 177.0, 0.0, -6.0, 4.0, 147, 27956.0, 2
4258, 33, -0.6000000000000001, 340, 165.9, 0.0, -6.0, 0.0, 140, 28096.0, -7
4311, 34, 0.6, 347, 178.5, 1.0, -5.0, 1.0, 147, 28243.0, 7
4362, 35, 1.4, 348, 177.9, 2.0, -3.0, 1.0, 148, 28391.0, 1
4428, 37, 3.5, 349, 179.1, 4.0, 1.0, 2.0, 149, 28540.0, 1
4479, 35, 0.5, 347, 175.8, 2.0, 3.0, -2.0, 147, 28687.0, -2
4537, 32, -1.9, 355, 188.4, -1.0, 2.0, -3.0, 155, 28842.0, 8
4588, 31, -1.7, 355, 186.0, -2.0, 0.0, -1.0, 155, 28997.0, 0
4640, 33, 1.0, 382, 226.5, 0.0, 0.0, 2.0, 182, 29179.0, 27
4696, 33, 0.0, 372, 203.4, 0.0, 0.0, 0.0, 172, 29351.0, -10
4750, 31, -2.4, 365, 195.9, -2.0, -2.0, -2.0, 165, 29516.0, -7
4807, 35, 3.2, 370, 205.5, 2.0, 0.0, 4.0, 170, 29686.0, 5
4859, 37, 3.8, 347, 169.5, 4.0, 4.0, 2.0, 147, 29833.0, -23
4910, 35, 0.8, 340, 165.9, 2.0, 6.0, -2.0, 140, 29973.0, -7
4966, 33, -0.3999999999999999, 340, 168.0, 0.0, 6.0, -2.0, 140, 30113.0, 0
5020, 32, -0.6, 347, 178.5, -1.0, 5.0, -1.0, 147, 30260.0, 7
5074, 33, 1.0, 340, 165.9, 0.0, 5.0, 1.0, 140, 30400.0, -7
5127, 35, 2.9, 345, 175.5, 2.0, 7.0, 2.0, 145, 30545.0, 5
5180, 33, -0.2999999999999999, 345, 174.0, 0.0, 7.0, -2.0, 145, 30690.0, 0
5236, 33, 0.7000000000000001, 349, 180.0, 0.0, 7.0, 0.0, 149, 30839.0, 4
5291, 30, -2.9, 347, 175.8, -3.0, 4.0, -3.0, 147, 30986.0, -2
5347, 33, 1.9, 355, 188.4, 0.0, 4.0, 3.0, 155, 31141.0, 8
5402, 36, 4.0, 349, 177.0, 3.0, 7.0, 3.0, 149, 31290.0, -6
5452, 33, -0.7999999999999999, 353, 184.8, 0.0, 7.0, -3.0, 153, 31443.0, 4
5508, 28, -5.3, 340, 164.1, -5.0, 2.0, -5.0, 140, 31583.0, -13
5566, 27, -4.5, 345, 175.5, -6.0, -4.0, -1.0, 145, 31728.0, 5
5620, 30, -1.0, 345, 174.0, -3.0, -7.0, 3.0, 145, 31873.0, 0
5677, 31, -1.6, 347, 177.0, -2.0, -9.0, 1.0, 147, 32020.0, 2
5734, 32, -1.1, 353, 185.4, -1.0, -10.0, 1.0, 153, 32173.0, 6
5788, 34, 0.7, 364, 200.1, 1.0, -9.0, 2.0, 164, 32337.0, 11
5842, 35, 1.0, 340, 160.8, 2.0, -7.0, 1.0, 140, 32477.0, -24
5896, 34, -0.5000000000000001, 340, 168.0, 1.0, -6.0, -1.0, 140, 32617.0, 0
5949, 35, 1.3, 348, 180.0, 2.0, -4.0, 1.0, 148, 32765.0, 8
6008, 33, -1.4, 353, 185.1, 0.0, -4.0, -2.0, 153, 32918.0, 5
6061, 35, 2.0, 353, 183.6, 2.0, -2.0, 2.0, 153, 33071.0, 0
6116, 42, 9.6, 357, 189.6, 9.0, 7.0, 7.0, 157, 33228.0, 4
6169, 41, 5.8, 348, 174.9, 8.0, 15.0, -1.0, 148, 33376.0, -9
6226, 38, 3.5, 348, 177.6, 5.0, 20.0, -3.0, 148, 33524.0, 0
6279, 34, 0.7000000000000002, 347, 176.1, 1.0, 21.0, -4.0, 147, 33671.0, -1
6336, 34, 2.8, 348, 177.9, 1.0, 22.0, 0.0, 148, 33819.0, 1
6391, 32, 0.5, 348, 177.6, -1.0, 21.0, -2.0, 148, 33967.0, 0
6450, 28, -3.4, 349, 179.1, -5.0, 16.0, -4.0, 149, 34116.0, 1
6508, 25, -5.5, 348, 177.3, -8.0, 8.0, -3.0, 148, 34264.0, -1
6565, 26, -3.600000000000001, 347, 176.1, -7.0, 1.0, 1.0, 147, 34411.0, -1
6620, 30, 2.220446049250313e-16, 340, 165.9, -3.0, -2.0, 4.0, 140, 34551.0, -7
6679, 31, -1.1, 348, 180.0, -2.0, -4.0, 1.0, 148, 34699.0, 8
6731, 31, -1.8, 357, 191.1, -2.0, -6.0, 0.0, 157, 34856.0, 9
6785, 32, -0.8, 353, 182.4, -1.0, -7.0, 1.0, 153, 35009.0, -4
6837, 37, 4.6, 338, 161.1, 4.0, -3.0, 5.0, 138, 35147.0, -15
6892, 36, 1.3, 348, 180.6, 3.0, 0.0, -1.0, 148, 35295.0, 10
6950, 33, -1.5, 345, 173.1, 0.0, 0.0, -3.0, 145, 35440.0, -3
7000, 30, -3.6, 349, 180.0, -3.0, -3.0, -3.0, 149, 35589.0, 4
7052, 34, 2.4, 340, 165.3, 1.0, -2.0, 4.0, 140, 35729.0, -9
7107, 35, 1.7, 345, 175.5, 2.0, 0.0, 1.0, 145, 35874.0, 5
7161, 35, 1.4, 357, 192.0, 2.0, 2.0, 0.0, 157, 36031.0, 12
7219, 32, -2.0, 355, 185.4, -1.0, 1.0, -3.0, 155, 36186.0, -2
7276, 37, 5.4, 355, 186.0, 4.0, 5.0, 5.0, 155, 36341.0, 0
7329, 42, 9.300000000000001, 349, 177.0, 9.0, 14.0, 5.0, 149, 36490.0, -6
7385, 37, 1.7, 348, 177.3, 4.0, 18.0, -5.0, 148, 36638.0, -1
7439, 26, -8.6, 347, 176.1, -7.0, 11.0, -11.0, 147, 36785.0, -1
7497, 22, -8.6, 345, 173.4, -11.0, 0.0, -4.0, 145, 36930.0, -2
7551, 26, -2.9, 357, 192.0, -7.0, -7.0, 4.0, 157, 37087.0, 12
7605, 32, 1.6, 401, 254.4, -1.0, -8.0, 6.0, 201, 37288.0, 44
7655, 33, -0.3, 399, 238.2, 0.0, -8.0, 1.0, 199, 37487.0, -2
7710, 34, 0.3999999999999999, 357, 175.8, 1.0, -7.0, 1.0, 157, 37644.0, -42
7766, 34, -1.110223024625157e-16, 326, 141.9, 1.0, -6.0, 0.0, 126, 37770.0, -31
7821, 47, 15.7, 338, 169.2, 14.0, 8.0, 13.0, 138, 37908.0, 12
7877, 51, 15.4, 345, 176.1, 18.0, 26.0, 4.0, 145, 38053.0, 7
7931, 34, -5.199999999999999, 348, 178.5, 1.0, 27.0, -17.0, 148, 38201.0, 3
7986, 32, 1.0, 357, 191.1, -1.0, 26.0, -2.0, 157, 38358.0, 9
8045, 34, 4.300000000000001, 349, 176.4, 1.0, 27.0, 2.0, 149, 38507.0, -8
8099, 35, 4.600000000000001, 355, 187.8, 2.0, 29.0, 1.0, 155, 38662.0, 6
8149, 35, 4.3, 347, 174.0, 2.0, 31.0, 0.0, 147, 38809.0, -8
8207, 31, -0.2999999999999996, 349, 179.4, -2.0, 29.0, -4.0, 149, 38958.0, 2
8260, 32, 2.7, 353, 184.8, -1.0, 28.0, 1.0, 153, 39111.0, 4
8311, 31, 0.9000000000000002, 348, 176.1, -2.0, 26.0, -1.0, 148, 39259.0, -5
8361, 27, -3.6, 348, 177.6, -6.0, 20.0, -4.0, 148, 39407.0, 0
8424, 24, -5.799999999999999, 355, 188.1, -9.0, 11.0, -3.0, 155, 39562.0, 7
8484, 26, -2.8, 347, 174.0, -7.0, 4.0, 2.0, 147, 39709.0, -8
8537, 28, -2.1, 355, 188.4, -5.0, -1.0, 2.0, 155, 39864.0, 8
8587, 31, 0.0, 355, 186.0, -2.0, -3.0, 3.0, 155, 40019.0, 0
8638, 32, -0.5, 389, 237.0, -1.0, -4.0, 1.0, 189, 40208.0, 34
8699, 32, -1.1, 326, 132.3, -1.0, -5.0, 0.0, 126, 40334.0, -63
8752, 32, -1.2, 348, 184.2, -1.0, -6.0, 0.0, 148, 40482.0, 22
8809, 35, 2.3, 330, 150.6, 2.0, -4.0, 3.0, 130, 40612.0, -18
8867, 42, 9.399999999999999, 348, 183.0, 9.0, 5.0, 7.0, 148, 40760.00000000001, 18
8917, 42, 6.8, 345, 173.1, 9.0, 14.0, 0.0, 145, 40905.0, -3
8975, 35, -0.7000000000000002, 347, 177.0, 2.0, 16.0, -7.0, 147, 41052.0, 2
9032, 33, 0.6000000000000001, 348, 177.9, 0.0, 16.0, -2.0, 148, 41200.0, 1
9085, 27, -5.6, 349, 179.1, -6.0, 10.0, -6.0, 149, 41349.0, 1
9138, 28, -2.0, 348, 177.3, -5.0, 5.0, 1.0, 148, 41497.0, -1
9196, 31, 0.6000000000000001, 348, 177.6, -2.0, 3.0, 3.0, 148, 41645.0, 0
9247, 37, 6.1, 347, 176.1, 4.0, 7.0, 6.0, 147, 41792.0, -1
9301, 33, -1.3, 347, 176.4, 0.0, 7.0, -4.0, 147, 41939.0, 0
9352, 28, -5.3, 345, 173.4, -5.0, 2.0, -5.0, 145, 42084.0, -2
9405, 26, -5.7, 348, 178.5, -7.0, -5.0, -2.0, 148, 42232.0, 3
9466, 28, -3.0, 347, 176.1, -5.0, -10.0, 2.0, 147, 42379.0, -1
9526, 34, 2.7, 347, 176.4, 1.0, -9.0, 6.0, 147, 42526.0, 0
9578, 38, 4.6, 340, 165.9, 5.0, -4.0, 4.0, 140, 42666.0, -7
9637, 39, 4.3, 353, 187.5, 6.0, 2.0, 1.0, 153, 42819.0, 13
9689, 37, 2.0, 349, 177.6, 4.0, 6.0, -2.0, 149, 42968.0, -4
9740, 35, 1.0, 349, 178.8, 2.0, 8.0, -2.0, 149, 43117.0, 0
9795, 31, -2.6, 361, 196.8, -2.0, 6.0, -4.0, 161, 43278.0, 12
9847, 29, -3.2, 349, 175.2, -4.0, 2.0, -2.0, 149, 43427.0, -12
9907, 30, -1.4, 340, 165.3, -3.0, -1.0, 1.0, 140, 43567.0, -9
9962, 35, 3.8, 345, 175.5, 2.0, 1.0, 5.0, 145, 43712.0, 5
10016, 35, 1.5, 345, 174.0, 2.0, 3.0, 0.0, 145, 43857.0, 0
10070, 35, 1.7, 326, 145.5, 2.0, 5.0, 0.0, 126, 43983.0, -19
10127, 36, 3.1, 361, 203.7, 3.0, 8.0, 1.0, 161, 44144.00000000001, 35
10185, 40, 7.7, 349, 175.2, 7.0, 15.0, 4.0, 149, 44293.0, -12
10238, 35, 0.4000000000000004, 370, 210.3, 2.0, 17.0, -5.0, 170, 44463.0, 21
10297, 31, -1.7, 439, 307.5, -2.0, 15.0, -4.0, 239, 44702.0, 69
10350, 26, -5.9, 321, 109.8, -7.0, 8.0, -5.0, 121, 44823.0, -118
10406, 25, -5.3, 326, 152.7, -8.0, 0.0, -1.0, 126, 44949.0, 5
10456, 29, -0.7999999999999998, 326, 151.2, -4.0, -4.0, 4.0, 126, 45075.0, 0
10506, 38, 7.6, 326, 151.2, 5.0, 1.0, 9.0, 126, 45201.0, 0
