time, color, angle, distance, speed, color_dev, color_int, color_der, speed_dev, speed_int, speed_der
0, 46, 15.6, 856, 984.0, 13.0, 13.0, 13.0, 656, 656.0, 656.0
51, 45, 9.199999999999999, 863, 797.7, 12.0, 25.0, -1.0, 663, 1319.0, 7
109, 46, 12.1, 864, 797.0999999999999, 13.0, 38.0, 1.0, 664, 1983.0, 1
163, 44, 10.5, 857, 786.3, 11.0, 49.0, -2.0, 657, 2640.000000000001, -7
216, 44, 12.6, 857, 788.4, 11.0, 60.0, 0.0, 657, 3297.0, 0
271, 41, 10.1, 849, 776.4, 8.0, 68.00000000000001, -3.0, 649, 3946.0, -8
324, 35, 5.199999999999999, 848, 777.3000000000001, 2.0, 70.0, -6.0, 648, 4594.0, -1
380, 21, -8.399999999999999, 849, 779.0999999999999, -12.0, 58.00000000000001, -14.0, 649, 5243.0, 1
433, 15, -9.799999999999999, 833, 754.8000000000001, -18.0, 40.0, -6.0, 633, 5876.0, -16
490, 12, -12.2, 818, 737.1, -21.0, 19.0, -3.0, 618, 6494.0, -15
543, 13, -11.6, 818, 741.6, -20.0, -1.0, 1.0, 618, 7112.000000000001, 0
599, 16, -10.5, 804, 720.6, -17.0, -18.0, 3.0, 604, 7716.0, -14
659, 23, -5.300000000000001, 788, 700.8000000000001, -10.0, -28.0, 7.0, 588, 8304.0, -16
713, 29, -2.6, 788, 705.6, -4.0, -32.0, 6.0, 588, 8892.000000000001, 0
768, 35, 1.2, 780, 693.6, 2.0, -30.0, 6.0, 580, 9472.0, -8
821, 42, 6.799999999999999, 780, 696.0, 9.0, -21.0, 7.0, 580, 10052.0, 0
878, 48, 11.4, 772, 684.0, 15.0, -6.0, 6.0, 572, 10624.0, -8
932, 46, 7.5, 770, 683.4, 13.0, 7.0, -2.0, 570, 11194.0, -2
987, 39, 1.399999999999999, 757, 664.5, 6.0, 13.0, -7.0, 557, 11751.0, -13
1040, 34, -0.5, 757, 668.4, 1.0, 14.0, -5.0, 557, 12308.0, 0
1094, 28, -5.1, 756, 666.9, -5.0, 9.0, -6.0, 556, 12864.0, -1
1149, 28, -2.6, 756, 667.2, -5.0, 4.0, 0.0, 556, 13420.0, 0
1202, 32, 1.7, 756, 667.2, -1.0, 3.0, 4.0, 556, 13976.0, 0
1258, 38, 6.8, 756, 667.2, 5.0, 8.0, 6.0, 556, 14532.0, 0
1314, 38, 4.3, 756, 667.2, 5.0, 13.0, 0.0, 556, 15088.0, 0
1369, 37, 3.6, 722, 616.1999999999999, 4.0, 17.0, -1.0, 522, 15610.0, -34
1423, 35, 2.1, 742, 656.4, 2.0, 19.0, -2.0, 542, 16152.0, 20
1475, 33, 0.9000000000000002, 721, 618.9, 0.0, 19.0, -2.0, 521, 16673.0, -21
1526, 30, -1.7, 704, 599.7, -3.0, 16.0, -3.0, 504, 17177.0, -17
1582, 26, -5.300000000000001, 702, 601.8, -7.0, 9.0, -4.0, 502, 17679.0, -2
1640, 25, -5.2, 689, 582.9, -8.0, 1.0, -1.0, 489, 18168.0, -13
1701, 26, -4.300000000000001, 685, 580.8, -7.0, -6.0, 1.0, 485, 18653.0, -4
1755, 32, 1.7, 653, 534.0, -1.0, -7.0, 6.0, 453, 19106.0, -32
1810, 35, 2.2, 670, 569.1000000000001, 2.0, -5.0, 3.0, 470, 19576.0, 17
1866, 38, 4.5, 661, 550.4999999999999, 5.0, 0.0, 3.0, 461, 20037.0, -9
1920, 39, 4.699999999999999, 654, 542.7, 6.0, 6.0, 1.0, 454, 20491.0, -7
1979, 39, 4.8, 644, 529.8, 6.0, 12.0, 0.0, 444, 20935.0, -10
2031, 36, 1.8, 641, 528.2999999999999, 3.0, 15.0, -3.0, 441, 21376.0, -3
2083, 33, 0.0, 635, 520.2000000000001, 0.0, 15.0, -3.0, 435, 21811.0, -6
2138, 31, -0.9, 588, 451.5, -2.0, 13.0, -2.0, 388, 22199.0, -47
2189, 28, -3.7, 634, 534.5999999999999, -5.0, 8.0, -3.0, 434, 22633.0, 46
2247, 26, -5.100000000000001, 609, 483.2999999999999, -7.0, 1.0, -2.0, 409, 23042.0, -25
2300, 29, -1.2, 599, 475.8, -4.0, -3.0, 3.0, 399, 23441.0, -10
2350, 35, 4.1, 598, 477.3, 2.0, -1.0, 6.0, 398, 23839.0, -1
2401, 39, 6.1, 591, 467.0999999999999, 6.0, 5.0, 4.0, 391, 24230.0, -7
2453, 40, 5.9, 572, 440.7, 7.0, 12.0, 1.0, 372, 24602.0, -19
2505, 40, 6.100000000000001, 578, 455.4, 7.0, 19.0, 0.0, 378, 24980.0, 6
2559, 36, 2.0, 569, 440.1000000000001, 3.0, 22.0, -4.0, 369, 25349.0, -9
2609, 30, -2.899999999999999, 527, 379.8, -3.0, 19.0, -6.0, 327, 25676.0, -42
2660, 26, -5.0, 523, 386.4, -7.0, 12.0, -4.0, 323, 25999.0, -4
2719, 24, -6.1, 546, 422.1, -9.0, 3.0, -2.0, 346, 26345.0, 23
2773, 30, 1.2, 518, 373.2, -3.0, 0.0, 6.0, 318, 26663.0, -28
2824, 35, 3.9, 500, 354.6, 2.0, 2.0, 5.0, 300, 26963.0, -18
2879, 37, 4.0, 525, 397.5, 4.0, 6.0, 2.0, 325, 27288.0, 25
2932, 38, 4.6, 506, 361.5, 5.0, 11.0, 1.0, 306, 27594.0, -19
2988, 37, 3.4, 487, 338.7, 4.0, 15.0, -1.0, 287, 27881.0, -19
3042, 37, 4.3, 500, 363.9, 4.0, 19.0, 0.0, 300, 28181.0, 13
3098, 33, -0.1, 483, 334.4999999999999, 0.0, 19.0, -4.0, 283, 28464.0, -17
3153, 25, -7.699999999999999, 474, 326.1, -8.0, 11.0, -8.0, 274, 28738.0, -9
3208, 26, -3.3, 464, 313.8, -7.0, 4.0, 1.0, 264, 29002.0, -10
3261, 28, -2.1, 456, 304.8, -5.0, -1.0, 2.0, 256, 29258.0, -8
3315, 31, 0.0, 454, 304.2, -2.0, -3.0, 3.0, 254, 29512.0, -2
3368, 37, 5.5, 447, 294.3, 4.0, 1.0, 6.0, 247, 29759.0, -7
3421, 37, 2.9, 435, 278.4, 4.0, 5.0, 0.0, 235, 29994.0, -12
3477, 35, 0.9, 416, 253.5, 2.0, 7.0, -2.0, 216, 30210.0, -19
3535, 33, -0.2999999999999999, 420, 265.2, 0.0, 7.0, -2.0, 220, 30430.0, 4
3592, 34, 1.9, 410, 249.0, 1.0, 8.0, 1.0, 210, 30640.0, -10
3644, 35, 2.7, 399, 235.5, 2.0, 10.0, 1.0, 199, 30839.0, -11
3694, 34, 1.2, 399, 238.8, 1.0, 11.0, -1.0, 199, 31038.0, 0
3750, 30, -3.0, 403, 244.8, -3.0, 8.0, -4.0, 203, 31241.0, 4
3808, 30, -1.3, 401, 240.6, -3.0, 5.0, 0.0, 201, 31442.0, -2
3863, 32, 0.8, 399, 238.2, -1.0, 4.0, 2.0, 199, 31641.0, -2
3919, 34, 2.1, 399, 238.8, 1.0, 5.0, 2.0, 199, 31840.0, 0
3977, 34, 1.2, 384, 216.3, 1.0, 6.0, 0.0, 184, 32024.0, -15
4031, 32, -1.1, 393, 234.3, -1.0, 5.0, -2.0, 193, 32217.0, 9
4082, 32, -0.2, 383, 216.6, -1.0, 4.0, 0.0, 183, 32400.0, -10
4140, 35, 3.3, 399, 243.6, 2.0, 6.0, 3.0, 199, 32599.0, 16
4191, 35, 2.0, 383, 214.8, 2.0, 8.0, 0.0, 183, 32782.0, -16
4245, 32, -1.4, 374, 206.1, -1.0, 7.0, -3.0, 174, 32956.0, -9
4298, 33, 1.2, 364, 193.8, 0.0, 7.0, 1.0, 164, 33120.0, -10
4358, 36, 4.3, 370, 205.8, 3.0, 10.0, 3.0, 170, 33290.0, 6
4409, 33, -0.5, 361, 190.5, 0.0, 10.0, -3.0, 161, 33451.0, -9
4462, 30, -2.6, 366, 200.7, -3.0, 7.0, -3.0, 166, 33617.0, 5
4522, 31, -0.2, 361, 191.7, -2.0, 5.0, 1.0, 161, 33778.0, -5
4578, 30, -2.1, 365, 199.2, -3.0, 2.0, -1.0, 165, 33943.0, 4
4632, 30, -1.9, 357, 186.0, -3.0, -1.0, 0.0, 157, 34100.0, -8
4683, 31, -1.0, 361, 194.4, -2.0, -3.0, 1.0, 161, 34261.0, 4
4734, 31, -1.7, 357, 187.2, -2.0, -5.0, 0.0, 157, 34418.0, -4
4790, 32, -0.7000000000000002, 357, 188.4, -1.0, -6.0, 1.0, 157, 34575.0, 0
4847, 31, -2.5, 357, 188.4, -2.0, -8.0, -1.0, 157, 34732.0, 0
4900, 33, 0.2, 355, 185.4, 0.0, -8.0, 2.0, 155, 34887.0, -2
4951, 35, 1.6, 361, 195.0, 2.0, -6.0, 2.0, 161, 35048.0, 6
5001, 35, 0.7999999999999999, 364, 197.7, 2.0, -4.0, 0.0, 164, 35212.0, 3
5058, 34, -0.2000000000000001, 365, 198.3, 1.0, -3.0, -1.0, 165, 35377.0, 1
5112, 35, 1.6, 364, 196.5, 2.0, -1.0, 1.0, 164, 35541.0, -1
5168, 39, 6.1, 357, 186.3, 6.0, 5.0, 4.0, 157, 35698.0, -7
5222, 42, 8.300000000000001, 355, 185.4, 9.0, 14.0, 3.0, 155, 35853.0, -2
5276, 37, 1.7, 355, 186.0, 4.0, 18.0, -5.0, 155, 36008.0, 0
5330, 28, -6.2, 355, 186.0, -5.0, 13.0, -9.0, 155, 36163.0, 0
5388, 27, -3.399999999999999, 355, 186.0, -6.0, 7.0, -1.0, 155, 36318.0, 0
5441, 29, -1.1, 355, 186.0, -4.0, 3.0, 2.0, 155, 36473.0, 0
5497, 33, 2.3, 348, 175.5, 0.0, 3.0, 4.0, 148, 36621.0, -7
5557, 34, 1.5, 348, 177.6, 1.0, 4.0, 1.0, 148, 36769.0, 0
5607, 33, -0.1, 347, 176.1, 0.0, 4.0, -1.0, 147, 36916.0, -1
5661, 30, -3.2, 357, 191.4, -3.0, 1.0, -3.0, 157, 37073.0, 10
5720, 30, -2.0, 355, 185.4, -3.0, -2.0, 0.0, 155, 37228.0, -2
5774, 33, 1.3, 355, 186.0, 0.0, -2.0, 3.0, 155, 37383.0, 0
5831, 35, 2.2, 353, 183.0, 2.0, 0.0, 2.0, 153, 37536.0, -2
5888, 36, 2.6, 345, 171.6, 3.0, 3.0, 1.0, 145, 37681.0, -8
5941, 35, 1.2, 349, 180.0, 2.0, 5.0, -1.0, 149, 37830.0, 4
6000, 32, -1.7, 355, 187.8, -1.0, 4.0, -3.0, 155, 37985.0, 6
6057, 31, -1.5, 355, 186.0, -2.0, 2.0, -1.0, 155, 38140.0, 0
6110, 34, 2.4, 364, 199.5, 1.0, 3.0, 3.0, 164, 38304.0, 9
6161, 36, 3.4, 361, 192.3, 3.0, 6.0, 2.0, 161, 38465.0, -3
6218, 37, 3.9, 366, 200.7, 4.0, 10.0, 1.0, 166, 38631.0, 5
6274, 33, -1.0, 347, 170.7, 0.0, 10.0, -4.0, 147, 38778.0, -19
6329, 29, -3.8, 347, 176.4, -4.0, 6.0, -4.0, 147, 38925.0, 0
6384, 29, -2.2, 347, 176.4, -4.0, 2.0, 0.0, 147, 39072.0, 0
6441, 28, -3.8, 347, 176.4, -5.0, -3.0, -1.0, 147, 39219.0, 0
6499, 30, -1.4, 349, 179.4, -3.0, -6.0, 2.0, 149, 39368.0, 2
6550, 33, 0.9, 340, 165.3, 0.0, -6.0, 3.0, 140, 39508.0, -9
6604, 35, 1.8, 340, 168.0, 2.0, -4.0, 2.0, 140, 39648.0, 0
6658, 36, 2.2, 340, 168.0, 3.0, -1.0, 1.0, 140, 39788.0, 0
6711, 35, 0.8, 345, 175.5, 2.0, 1.0, -1.0, 145, 39933.0, 5
6765, 34, 0.3, 355, 189.0, 1.0, 2.0, -1.0, 155, 40088.0, 10
6819, 34, 0.9, 348, 175.5, 1.0, 3.0, 0.0, 148, 40236.0, -7
6872, 37, 4.6, 345, 173.1, 4.0, 7.0, 3.0, 145, 40381.0, -3
6928, 37, 3.5, 349, 180.0, 4.0, 11.0, 0.0, 149, 40530.0, 4
6982, 35, 1.5, 348, 177.3, 2.0, 13.0, -2.0, 148, 40678.0, -1
7038, 31, -2.1, 355, 188.1, -2.0, 11.0, -4.0, 155, 40833.0, 7
7099, 32, 0.9, 348, 175.5, -1.0, 10.0, 1.0, 148, 40981.00000000001, -7
7152, 35, 3.9, 366, 204.6, 2.0, 12.0, 3.0, 166, 41147.0, 18
7209, 35, 2.6, 366, 199.2, 2.0, 14.0, 0.0, 166, 41313.0, 0
7267, 33, 0.4000000000000002, 365, 197.7, 0.0, 14.0, -2.0, 165, 41478.0, -1
7321, 35, 3.8, 353, 180.0, 2.0, 16.0, 2.0, 153, 41631.0, -12
7378, 33, 0.6000000000000001, 347, 174.6, 0.0, 16.0, -2.0, 147, 41778.0, -6
7431, 28, -4.4, 347, 176.4, -5.0, 11.0, -5.0, 147, 41925.0, 0
7489, 26, -4.800000000000001, 347, 176.4, -7.0, 4.0, -2.0, 147, 42072.0, 0
7554, 28, -2.1, 345, 173.4, -5.0, -1.0, 2.0, 145, 42217.0, -2
7609, 33, 2.4, 340, 166.5, 0.0, -1.0, 5.0, 140, 42357.0, -5
7661, 33, -0.1, 340, 168.0, 0.0, -1.0, 0.0, 140, 42497.0, 0
7719, 33, -0.1, 349, 181.5, 0.0, -1.0, 0.0, 149, 42646.00000000001, 9
7772, 33, -0.1, 353, 184.8, 0.0, -1.0, 0.0, 153, 42799.0, 4
7828, 35, 2.3, 345, 171.6, 2.0, 1.0, 2.0, 145, 42944.0, -8
7881, 36, 2.7, 345, 174.0, 3.0, 4.0, 1.0, 145, 43089.0, 0
7940, 35, 1.3, 345, 174.0, 2.0, 6.0, -1.0, 145, 43234.0, 0
7993, 34, 0.8, 349, 180.0, 1.0, 7.0, -1.0, 149, 43383.0, 4
8049, 35, 2.6, 348, 177.3, 2.0, 9.0, 1.0, 148, 43531.0, -1
8102, 38, 5.9, 347, 176.1, 5.0, 14.0, 3.0, 147, 43678.0, -1
8159, 37, 3.7, 349, 179.4, 4.0, 18.0, -1.0, 149, 43827.0, 2
8215, 31, -2.6, 349, 178.8, -2.0, 16.0, -6.0, 149, 43976.00000000001, 0
8273, 28, -3.4, 348, 177.3, -5.0, 11.0, -3.0, 148, 44124.0, -1
8329, 28, -2.4, 348, 177.6, -5.0, 6.0, 0.0, 148, 44272.0, 0
8382, 29, -1.7, 364, 201.6, -4.0, 2.0, 1.0, 164, 44436.0, 16
8438, 29, -2.6, 357, 186.3, -4.0, -2.0, 0.0, 157, 44593.0, -7
8497, 31, -0.6000000000000001, 348, 174.9, -2.0, -4.0, 2.0, 148, 44741.0, -9
8551, 34, 1.8, 353, 185.1, 1.0, -3.0, 3.0, 153, 44894.0, 5
8607, 34, 0.4, 345, 171.6, 1.0, -2.0, 0.0, 145, 45039.0, -8
8661, 31, -3.1, 349, 180.0, -2.0, -4.0, -3.0, 149, 45188.00000000001, 4
8717, 30, -3.0, 349, 178.8, -3.0, -7.0, -1.0, 149, 45337.00000000001, 0
8771, 32, -0.3999999999999999, 349, 178.8, -1.0, -8.0, 2.0, 149, 45486.0, 0
8828, 35, 2.1, 349, 178.8, 2.0, -6.0, 3.0, 149, 45635.0, 0
8884, 35, 0.7999999999999999, 348, 177.3, 2.0, -4.0, 0.0, 148, 45783.0, -1
8938, 37, 3.4, 347, 176.1, 4.0, 0.0, 2.0, 147, 45930.0, -1
8996, 39, 5.199999999999999, 348, 177.9, 6.0, 6.0, 2.0, 148, 46078.0, 1
9048, 41, 7.2, 348, 177.6, 8.0, 14.0, 2.0, 148, 46226.0, 0
9103, 40, 5.800000000000001, 348, 177.6, 7.0, 21.0, -1.0, 148, 46374.0, 0
9160, 33, -1.4, 355, 188.1, 0.0, 21.0, -7.0, 155, 46529.0, 7
9218, 27, -5.1, 348, 175.5, -6.0, 15.0, -6.0, 148, 46677.0, -7
9272, 28, -1.5, 347, 176.1, -5.0, 10.0, 1.0, 147, 46824.0, -1
9327, 33, 3.5, 345, 173.4, 0.0, 10.0, 5.0, 145, 46969.0, -2
9383, 31, -1.4, 347, 177.0, -2.0, 8.0, -2.0, 147, 47116.0, 2
9439, 27, -5.399999999999999, 355, 188.4, -6.0, 2.0, -4.0, 155, 47271.0, 8
9492, 27, -4.0, 348, 175.5, -6.0, -4.0, 0.0, 148, 47419.0, -7
9546, 33, 2.6, 348, 177.6, 0.0, -4.0, 6.0, 148, 47567.0, 0
9598, 37, 4.4, 355, 188.1, 4.0, 0.0, 4.0, 155, 47722.00000000001, 7
9659, 34, -0.8, 357, 189.0, 1.0, 1.0, -3.0, 157, 47879.0, 2
9709, 28, -6.4, 348, 174.9, -5.0, -4.0, -6.0, 148, 48027.00000000001, -9
9760, 30, -1.5, 355, 188.1, -3.0, -7.0, 2.0, 155, 48182.0, 7
9818, 33, 0.7999999999999999, 348, 175.5, 0.0, -7.0, 3.0, 148, 48330.0, -7
9874, 33, -0.7000000000000001, 364, 201.6, 0.0, -7.0, 0.0, 164, 48494.0, 16
9930, 33, -0.7000000000000001, 364, 196.8, 0.0, -7.0, 0.0, 164, 48658.0, 0
9985, 36, 2.9, 348, 172.8, 3.0, -4.0, 3.0, 148, 48806.0, -16
10038, 45, 12.5, 349, 179.1, 12.0, 8.0, 9.0, 149, 48955.0, 1
10092, 42, 5.6, 348, 177.3, 9.0, 17.0, -3.0, 148, 49103.0, -1
10148, 34, -1.6, 345, 173.1, 1.0, 18.0, -8.0, 145, 49248.0, -3
10199, 27, -5.899999999999999, 340, 166.5, -6.0, 12.0, -7.0, 140, 49388.00000000001, -5
10254, 28, -1.8, 340, 168.0, -5.0, 7.0, 1.0, 140, 49528.0, 0
10310, 28, -2.8, 330, 153.0, -5.0, 2.0, 0.0, 130, 49658.00000000001, -10
10364, 28, -3.3, 326, 150.0, -5.0, -3.0, 0.0, 126, 49784.00000000001, -4
10427, 30, -1.4, 328, 154.2, -3.0, -6.0, 2.0, 128, 49912.0, 2
10482, 32, -0.3, 326, 150.6, -1.0, -7.0, 2.0, 126, 50038.0, -2
