time, color, angle, distance, speed, color_dev, color_int, color_der, speed_dev, speed_int, speed_der
0, 43, 12.0, 873, 1009.5, 10.0, 10.0, 10.0, 673, 673.0, 673.0
53, 43, 8.0, 877, 813.6000000000001, 10.0, 20.0, 0.0, 677, 1350.0, 4
103, 44, 10.2, 869, 800.4, 11.0, 31.0, 1.0, 669, 2019.0, -8
157, 34, -1.2, 878, 816.3, 1.0, 32.0, -10.0, 678, 2697.0, 9
209, 43, 14.7, 326, -14.40000000000001, 10.0, 42.0, 9.0, 126, 2823.0, -552
265, 59, 30.4, 861, 953.6999999999999, 26.0, 68.00000000000001, 16.0, 661, 3484.0, 535
320, 65, 32.20000000000001, 857, 787.2, 32.0, 100.0, 6.0, 657, 4141.000000000001, -4
374, 58, 24.0, 840, 762.9, 25.0, 125.0, -7.0, 640, 4781.000000000001, -17
433, 31, -2.399999999999999, 835, 760.5, -2.0, 123.0, -27.0, 635, 5416.0, -5
483, 15, -8.299999999999999, 835, 762.0, -18.0, 105.0, -16.0, 635, 6051.0, 0
540, 6, -12.9, 810, 724.5, -27.0, 78.00000000000001, -9.0, 610, 6661.0, -25
598, 7, -9.899999999999999, 831, 763.4999999999999, -26.0, 52.0, 1.0, 631, 7292.000000000001, 21
651, 10, -9.399999999999999, 792, 698.6999999999999, -23.0, 29.0, 3.0, 592, 7884.0, -39
702, 11, -12.0, 800, 722.4, -22.0, 7.0, 1.0, 600, 8484.0, 8
757, 10, -15.9, 792, 708.0, -23.0, -16.0, -1.0, 592, 9076.000000000001, -8
810, 11, -16.5, 762, 665.4, -22.0, -38.0, 1.0, 562, 9638.0, -30
867, 17, -12.0, 762, 674.4, -16.0, -54.0, 6.0, 562, 10200.0, 0
922, 30, -1.0, 762, 674.4, -3.0, -57.0, 13.0, 562, 10762.0, 0
975, 47, 12.6, 762, 674.4, 14.0, -43.0, 17.0, 562, 11324.0, 0
1029, 57, 17.5, 744, 647.4, 24.0, -19.0, 10.0, 544, 11868.0, -18
1083, 61, 19.7, 736, 640.7999999999999, 28.0, 9.0, 4.0, 536, 12404.0, -8
1138, 60, 19.3, 736, 643.1999999999999, 27.0, 36.0, -1.0, 536, 12940.0, 0
1191, 53, 14.1, 704, 595.1999999999999, 20.0, 56.00000000000001, -7.0, 504, 13444.0, -32
1248, 37, 0.4000000000000004, 704, 604.8, 4.0, 60.0, -16.0, 504, 13948.0, 0
1303, 21, -10.4, 704, 604.8, -12.0, 48.00000000000001, -16.0, 504, 14452.0, 0
1359, 13, -13.2, 689, 582.3, -20.0, 28.0, -8.0, 489, 14941.0, -15
1417, 13, -11.2, 744, 669.3, -20.0, 8.0, 0.0, 544, 15485.0, 55
1473, 19, -6.0, 736, 640.7999999999999, -14.0, -6.0, 6.0, 536, 16021.0, -8
1530, 32, 5.2, 720, 619.2, -1.0, -7.0, 13.0, 520, 16541.0, -16
1585, 42, 10.6, 744, 660.0000000000001, 9.0, 2.0, 10.0, 544, 17085.0, 24
1639, 48, 13.7, 744, 652.8, 15.0, 17.0, 6.0, 544, 17629.0, 0
1698, 47, 11.0, 744, 652.8, 14.0, 31.0, -1.0, 544, 18173.0, 0
1752, 31, -6.3, 744, 652.8, -2.0, 29.0, -16.0, 544, 18717.0, 0
1809, 20, -11.7, 633, 486.3, -13.0, 16.0, -11.0, 433, 19150.0, -111
1864, 14, -14.7, 633, 519.6000000000001, -19.0, -3.0, -6.0, 433, 19583.0, 0
1922, 19, -7.600000000000001, 644, 536.0999999999999, -14.0, -17.0, 5.0, 444, 20027.0, 11
1976, 30, 1.7, 630, 511.8, -3.0, -20.0, 11.0, 430, 20457.0, -14
2029, 39, 6.699999999999999, 618, 498.0, 6.0, -14.0, 9.0, 418, 20875.0, -12
2086, 50, 16.0, 598, 471.6, 17.0, 3.0, 11.0, 398, 21273.0, -20
2139, 53, 15.8, 581, 452.1, 20.0, 23.0, 3.0, 381, 21654.0, -17
2195, 54, 17.5, 572, 443.7, 21.0, 44.0, 1.0, 372, 22026.0, -9
2245, 40, 2.300000000000001, 563, 432.9, 7.0, 51.00000000000001, -14.0, 363, 22389.0, -9
2299, 20, -14.0, 555, 423.6000000000001, -13.0, 38.0, -20.0, 355, 22744.0, -8
2350, 11, -16.1, 532, 391.5, -22.0, 16.0, -9.0, 332, 23076.0, -23
2407, 11, -13.8, 532, 398.4, -22.0, -6.0, 0.0, 332, 23408.0, 0
2463, 21, -4.0, 491, 336.9, -12.0, -18.0, 10.0, 291, 23699.0, -41
2520, 36, 7.8, 483, 337.2, 3.0, -15.0, 15.0, 283, 23982.0, -8
2573, 49, 16.2, 474, 326.1, 16.0, 1.0, 13.0, 274, 24256.0, -9
2629, 52, 14.9, 479, 336.3, 19.0, 20.0, 3.0, 279, 24535.0, 5
2682, 54, 17.7, 469, 319.8, 21.0, 41.00000000000001, 2.0, 269, 24804.0, -10
2739, 36, -2.8, 464, 315.3, 3.0, 44.0, -18.0, 264, 25068.0, -5
2792, 15, -18.7, 448, 292.7999999999999, -18.0, 26.0, -21.0, 248, 25316.0, -16
2848, 10, -16.0, 446, 294.6, -23.0, 3.0, -5.0, 246, 25562.0, -2
2903, 9, -17.0, 433, 275.7, -24.0, -21.0, -1.0, 233, 25795.0, -13
2962, 26, 1.5, 410, 245.1, -7.0, -28.0, 17.0, 210, 26005.0, -23
3019, 35, 3.1, 408, 249.0, 2.0, -26.0, 9.0, 208, 26213.0, -2
3074, 42, 7.199999999999999, 397, 233.1, 9.0, -17.0, 7.0, 197, 26410.0, -11
3125, 44, 7.0, 401, 242.4, 11.0, -6.0, 2.0, 201, 26611.0, 4
3178, 45, 8.299999999999999, 393, 229.2, 12.0, 6.0, 1.0, 193, 26804.0, -8
3233, 46, 10.2, 382, 215.1, 13.0, 19.0, 1.0, 182, 26986.0, -11
3287, 45, 9.799999999999999, 389, 228.9, 12.0, 31.0, -1.0, 189, 27175.0, 7
3340, 33, -2.9, 391, 229.8, 0.0, 31.0, -12.0, 191, 27366.0, 2
3398, 20, -12.5, 385, 220.2, -13.0, 18.0, -13.0, 185, 27551.0, -6
3451, 18, -9.699999999999999, 383, 219.0, -15.0, 3.0, -2.0, 183, 27734.0, -2
3509, 26, -0.6000000000000005, 376, 209.1, -7.0, -4.0, 8.0, 176, 27910.0, -7
3559, 32, 1.9, 376, 211.2, -1.0, -5.0, 6.0, 176, 28086.0, 0
3610, 36, 3.6, 376, 211.2, 3.0, -2.0, 4.0, 176, 28262.0, 0
3670, 31, -4.1, 374, 208.2, -2.0, -4.0, -5.0, 174, 28436.0, -2
3727, 30, -3.0, 376, 211.8, -3.0, -7.0, -1.0, 176, 28612.0, 2
3780, 30, -2.8, 376, 211.2, -3.0, -10.0, 0.0, 176, 28788.0, 0
3834, 35, 2.9, 374, 208.2, 2.0, -8.0, 5.0, 174, 28962.0, -2
3889, 38, 4.2, 376, 211.8, 5.0, -3.0, 3.0, 176, 29138.0, 2
3943, 41, 6.8, 372, 205.2, 8.0, 5.0, 3.0, 172, 29310.0, -4
3999, 42, 7.3, 361, 189.9, 9.0, 14.0, 1.0, 161, 29471.0, -11
4053, 38, 2.9, 364, 197.7, 5.0, 19.0, -4.0, 164, 29635.0, 3
4109, 33, -0.5999999999999998, 366, 199.8, 0.0, 19.0, -5.0, 166, 29801.0, 2
4163, 30, -1.7, 361, 191.7, -3.0, 16.0, -3.0, 161, 29962.0, -5
4218, 25, -6.5, 357, 187.2, -8.0, 8.0, -5.0, 157, 30119.0, -4
4272, 26, -3.600000000000001, 348, 174.9, -7.0, 1.0, 1.0, 148, 30267.0, -9
4329, 29, -1.2, 355, 188.1, -4.0, -3.0, 3.0, 155, 30422.0, 7
4383, 31, -0.7, 357, 189.0, -2.0, -5.0, 2.0, 157, 30579.0, 2
4439, 33, 0.5, 361, 194.4, 0.0, -5.0, 2.0, 161, 30740.0, 4
4493, 36, 3.1, 364, 197.7, 3.0, -2.0, 3.0, 164, 30904.0, 3
4548, 36, 1.9, 357, 186.3, 3.0, 1.0, 0.0, 157, 31061.0, -7
4604, 36, 2.2, 364, 198.9, 3.0, 4.0, 0.0, 164, 31225.0, 7
4659, 32, -2.3, 361, 192.3, -1.0, 3.0, -4.0, 161, 31386.0, -3
4719, 33, 0.8, 357, 187.2, 0.0, 3.0, 1.0, 157, 31543.0, -4
4772, 36, 3.9, 355, 185.4, 3.0, 6.0, 3.0, 155, 31698.0, -2
4823, 38, 5.1, 355, 186.0, 5.0, 11.0, 2.0, 155, 31853.0, 0
4878, 41, 8.199999999999999, 355, 186.0, 8.0, 19.0, 3.0, 155, 32008.0, 0
4931, 35, 0.2999999999999998, 361, 195.0, 2.0, 21.0, -6.0, 161, 32169.0, 6
4989, 33, 1.1, 361, 193.2, 0.0, 21.0, -2.0, 161, 32330.0, 0
5043, 30, -1.5, 353, 181.2, -3.0, 18.0, -3.0, 153, 32483.0, -8
5098, 27, -3.899999999999999, 345, 171.6, -6.0, 12.0, -3.0, 145, 32628.0, -8
5152, 24, -6.6, 349, 180.0, -9.0, 3.0, -3.0, 149, 32777.0, 4
5208, 26, -3.600000000000001, 348, 177.3, -7.0, -4.0, 2.0, 148, 32925.0, -1
5261, 30, -0.5, 364, 201.6, -3.0, -7.0, 4.0, 164, 33089.0, 16
5318, 33, 0.7999999999999999, 357, 186.3, 0.0, -7.0, 3.0, 157, 33246.0, -7
5376, 35, 1.7, 357, 188.4, 2.0, -5.0, 2.0, 157, 33403.0, 0
5429, 38, 4.5, 347, 173.4, 5.0, 0.0, 3.0, 147, 33550.0, -10
5491, 34, -1.3, 361, 197.4, 1.0, 1.0, -4.0, 161, 33711.0, 14
5549, 31, -2.8, 366, 200.7, -2.0, -1.0, -3.0, 166, 33877.0, 5
5609, 32, -0.3, 355, 182.7, -1.0, -2.0, 1.0, 155, 34032.0, -11
5659, 32, -0.9, 338, 160.5, -1.0, -3.0, 0.0, 138, 34170.0, -17
5722, 39, 7.399999999999999, 345, 176.1, 6.0, 3.0, 7.0, 145, 34315.0, 7
5777, 41, 6.9, 355, 189.0, 8.0, 11.0, 2.0, 155, 34470.0, 10
5830, 42, 7.899999999999999, 355, 186.0, 9.0, 20.0, 1.0, 155, 34625.0, 0
5889, 39, 4.699999999999999, 353, 183.0, 6.0, 26.0, -3.0, 153, 34778.0, -2
5943, 30, -4.0, 347, 174.6, -3.0, 23.0, -9.0, 147, 34925.0, -6
5999, 30, 0.2000000000000002, 347, 176.4, -3.0, 20.0, 0.0, 147, 35072.0, 0
6052, 29, -1.3, 349, 179.4, -4.0, 16.0, -1.0, 149, 35221.0, 2
6109, 28, -2.4, 349, 178.8, -5.0, 11.0, -1.0, 149, 35370.0, 0
6163, 26, -4.800000000000001, 353, 184.8, -7.0, 4.0, -2.0, 153, 35523.0, 4
6218, 27, -3.3, 347, 174.6, -6.0, -2.0, 1.0, 147, 35670.0, -6
6269, 31, 0.3999999999999999, 355, 188.4, -2.0, -4.0, 4.0, 155, 35825.0, 8
6320, 33, 0.6, 349, 177.0, 0.0, -4.0, 2.0, 149, 35974.0, -6
6378, 33, -0.4, 357, 190.8, 0.0, -4.0, 0.0, 157, 36131.0, 8
6431, 33, -0.4, 348, 174.9, 0.0, -4.0, 0.0, 148, 36279.0, -9
6487, 33, -0.4, 353, 185.1, 0.0, -4.0, 0.0, 153, 36432.0, 5
6541, 30, -4.0, 357, 189.6, -3.0, -7.0, -3.0, 157, 36589.0, 4
6598, 32, -0.3999999999999999, 357, 188.4, -1.0, -8.0, 2.0, 157, 36746.0, 0
6652, 37, 4.5, 348, 174.9, 4.0, -4.0, 5.0, 148, 36894.0, -9
6702, 40, 6.0, 347, 176.1, 7.0, 3.0, 3.0, 147, 37041.0, -1
6759, 41, 6.4, 355, 188.4, 8.0, 11.0, 1.0, 155, 37196.0, 8
6810, 39, 4.3, 347, 174.0, 6.0, 17.0, -2.0, 147, 37343.0, -8
6861, 35, 1.1, 349, 179.4, 2.0, 19.0, -4.0, 149, 37492.0, 2
6916, 32, -0.2999999999999998, 348, 177.3, -1.0, 18.0, -3.0, 148, 37640.0, -1
6972, 32, 1.1, 364, 201.6, -1.0, 17.0, 0.0, 164, 37804.0, 16
7022, 31, -0.2, 348, 172.8, -2.0, 15.0, -1.0, 148, 37952.0, -16
7077, 28, -3.5, 348, 177.6, -5.0, 10.0, -3.0, 148, 38100.0, 0
7129, 24, -7.3, 347, 176.1, -9.0, 1.0, -4.0, 147, 38247.0, -1
7183, 25, -5.0, 347, 176.4, -8.0, -7.0, 1.0, 147, 38394.0, 0
7239, 31, 0.9, 347, 176.4, -2.0, -9.0, 6.0, 147, 38541.0, 0
7292, 36, 3.7, 326, 144.9, 3.0, -6.0, 5.0, 126, 38667.0, -21
7349, 39, 5.1, 353, 191.7, 6.0, 0.0, 3.0, 153, 38820.0, 27
7409, 37, 1.8, 348, 176.1, 4.0, 4.0, -2.0, 148, 38968.0, -5
7463, 33, -1.6, 357, 191.1, 0.0, 4.0, -4.0, 157, 39125.0, 9
7518, 33, 0.4, 348, 174.9, 0.0, 4.0, 0.0, 148, 39273.0, -9
7571, 33, 0.4, 345, 173.1, 0.0, 4.0, 0.0, 145, 39418.0, -3
7626, 35, 2.8, 353, 186.0, 2.0, 6.0, 2.0, 153, 39571.0, 8
7683, 38, 5.6, 348, 176.1, 5.0, 11.0, 3.0, 148, 39719.0, -5
7738, 38, 4.6, 355, 188.1, 5.0, 16.0, 0.0, 155, 39874.0, 7
7797, 40, 7.5, 349, 177.0, 7.0, 23.0, 2.0, 149, 40023.0, -6
7848, 36, 2.4, 364, 201.3, 3.0, 26.0, -4.0, 164, 40187.0, 15
7907, 33, 1.1, 348, 172.8, 0.0, 26.0, -3.0, 148, 40335.0, -16
7959, 30, -1.0, 353, 185.1, -3.0, 23.0, -3.0, 153, 40488.0, 5
8015, 27, -3.399999999999999, 347, 174.6, -6.0, 17.0, -3.0, 147, 40635.0, -6
8068, 24, -6.1, 348, 177.9, -9.0, 8.0, -3.0, 148, 40783.0, 1
8119, 22, -7.899999999999999, 353, 185.1, -11.0, -3.0, -2.0, 153, 40936.0, 5
8172, 26, -3.2, 353, 183.6, -7.0, -10.0, 4.0, 153, 41089.0, 0
8228, 31, 0.1, 349, 177.6, -2.0, -12.0, 5.0, 149, 41238.0, -4
8282, 36, 3.4, 349, 178.8, 3.0, -9.0, 5.0, 149, 41387.0, 0
8338, 36, 1.2, 345, 172.8, 3.0, -6.0, 0.0, 145, 41532.0, -4
8391, 34, -0.9, 345, 174.0, 1.0, -5.0, -2.0, 145, 41677.0, 0
8449, 31, -3.4, 349, 180.0, -2.0, -7.0, -3.0, 149, 41826.0, 4
8500, 31, -2.1, 353, 184.8, -2.0, -9.0, 0.0, 153, 41979.00000000001, 4
8553, 33, 0.1, 349, 177.6, 0.0, -9.0, 2.0, 149, 42128.00000000001, -4
8609, 39, 6.3, 353, 184.8, 6.0, -3.0, 6.0, 153, 42281.0, 4
8660, 39, 3.899999999999999, 345, 171.6, 6.0, 3.0, 0.0, 145, 42426.0, -8
8711, 38, 3.3, 353, 186.0, 5.0, 8.0, -1.0, 153, 42579.0, 8
8762, 37, 3.1, 349, 177.6, 4.0, 12.0, -1.0, 149, 42728.0, -4
8818, 35, 1.6, 355, 187.8, 2.0, 14.0, -2.0, 155, 42883.0, 6
8873, 36, 4.0, 345, 171.0, 3.0, 17.0, 1.0, 145, 43028.0, -10
8923, 35, 2.6, 345, 174.0, 2.0, 19.0, -1.0, 145, 43173.0, 0
8973, 33, 0.9000000000000002, 349, 180.0, 0.0, 19.0, -2.0, 149, 43322.0, 4
9028, 29, -2.9, 349, 178.8, -4.0, 15.0, -4.0, 149, 43471.0, 0
9081, 26, -4.9, 345, 172.8, -7.0, 8.0, -3.0, 145, 43616.0, -4
9134, 27, -2.899999999999999, 349, 180.0, -6.0, 2.0, 1.0, 149, 43765.0, 4
9188, 30, -0.3999999999999999, 349, 178.8, -3.0, -1.0, 3.0, 149, 43914.0, 0
9242, 33, 1.4, 348, 177.3, 0.0, -1.0, 3.0, 148, 44062.0, -1
9300, 34, 1.1, 355, 188.1, 1.0, 0.0, 1.0, 155, 44217.0, 7
9357, 34, 0.7, 349, 177.0, 1.0, 1.0, 0.0, 149, 44366.0, -6
9410, 31, -2.8, 348, 177.3, -2.0, -1.0, -3.0, 148, 44514.0, -1
9461, 27, -6.3, 345, 173.1, -6.0, -7.0, -4.0, 145, 44659.0, -3
9511, 30, -1.3, 355, 189.0, -3.0, -10.0, 3.0, 155, 44814.0, 10
9570, 35, 2.9, 348, 175.5, 2.0, -8.0, 5.0, 148, 44962.0, -7
9620, 41, 7.8, 355, 188.1, 8.0, 0.0, 6.0, 155, 45117.0, 7
9680, 46, 11.6, 353, 183.0, 13.0, 13.0, 5.0, 153, 45270.0, -2
9734, 42, 5.6, 353, 183.6, 9.0, 22.0, -4.0, 153, 45423.0, 0
9790, 33, -2.3, 355, 186.6, 0.0, 22.0, -9.0, 155, 45578.0, 2
9843, 26, -6.2, 355, 186.0, -7.0, 15.0, -7.0, 155, 45733.00000000001, 0
9894, 25, -4.6, 355, 186.0, -8.0, 7.0, -1.0, 155, 45888.0, 0
9947, 25, -4.899999999999999, 353, 183.0, -8.0, -1.0, 0.0, 153, 46041.0, -2
10001, 30, 0.3000000000000003, 357, 189.6, -3.0, -4.0, 5.0, 157, 46198.00000000001, 4
10055, 32, -0.1000000000000001, 349, 176.4, -1.0, -5.0, 2.0, 149, 46347.0, -8
10112, 32, -1.2, 340, 165.3, -1.0, -6.0, 0.0, 140, 46487.0, -9
10168, 31, -2.5, 347, 178.5, -2.0, -8.0, -1.0, 147, 46634.0, 7
10223, 32, -1.0, 340, 165.9, -1.0, -9.0, 1.0, 140, 46774.0, -7
10279, 35, 2.0, 338, 165.0, 2.0, -7.0, 3.0, 138, 46912.0, -2
10338, 39, 5.5, 328, 150.6, 6.0, -1.0, 4.0, 128, 47040.00000000001, -10
10393, 38, 2.9, 326, 150.6, 5.0, 4.0, -1.0, 126, 47166.00000000001, -2
10449, 29, -6.9, 321, 143.7, -4.0, 0.0, -9.0, 121, 47287.0, -5
10504, 28, -4.0, 321, 145.2, -5.0, -5.0, -1.0, 121, 47408.0, 0
10558, 32, 0.7999999999999998, 308, 125.7, -1.0, -6.0, 4.0, 108, 47516.0, -13
10613, 42, 10.7, 297, 113.1, 9.0, 3.0, 10.0, 97, 47613.0, -11
10668, 44, 9.0, 296, 114.9, 11.0, 14.0, 2.0, 96, 47709.0, -1
10722, 40, 4.300000000000001, 289, 104.7, 7.0, 21.0, -4.0, 89, 47798.0, -7
10772, 35, 1.0, 287, 103.8, 2.0, 23.0, -5.0, 87, 47885.0, -2
