time, color, angle, distance, speed, color_dev, color_int, color_der, speed_dev, speed_int, speed_der
0, 60, 32.4, 857, 985.5, 27.0, 27.0, 27.0, 657, 657.0, 657.0
53, 60, 21.6, 857, 788.4, 27.0, 54.0, 0.0, 657, 1314.0, 0
110, 59, 23.1, 857, 788.4, 26.0, 80.0, -1.0, 657, 1971.0, 0
164, 50, 15.4, 857, 788.4, 17.0, 97.00000000000001, -9.0, 657, 2628.0, 0
215, 48, 19.2, 856, 786.9, 15.0, 112.0, -2.0, 656, 3284.000000000001, -1
270, 46, 19.3, 861, 794.6999999999999, 13.0, 125.0, -2.0, 661, 3945.0, 5
324, 34, 7.200000000000001, 869, 805.2, 1.0, 126.0, -12.0, 669, 4614.0, 8
380, 19, -4.699999999999999, 2550, 3324.3, -14.0, 112.0, -15.0, 2350, 6964.0, 1681
434, 7, -13.0, 886, 323.9999999999999, -26.0, 86.0, -12.0, 686, 7650.0, -1664
490, 5, -12.0, 819, 722.6999999999999, -28.0, 58.00000000000001, -2.0, 619, 8269.0, -67
548, 5, -13.8, 842, 777.3, -28.0, 30.0, 0.0, 642, 8911.0, 23
602, 5, -16.6, 849, 780.9, -28.0, 2.0, 0.0, 649, 9560.0, 7
660, 6, -18.2, 786, 684.3, -27.0, -25.0, 1.0, 586, 10146.0, -63
712, 5, -22.6, 796, 718.1999999999999, -28.0, -53.00000000000001, -1.0, 596, 10742.0, 10
771, 8, -21.3, 778, 688.2000000000001, -25.0, -78.00000000000001, 3.0, 578, 11320.0, -18
829, 20, -10.9, 757, 662.1, -13.0, -91.0, 12.0, 557, 11877.0, -21
882, 48, 15.4, 757, 668.4, 15.0, -76.00000000000001, 28.0, 557, 12434.0, 0
937, 60, 17.3, 757, 668.4, 27.0, -49.0, 12.0, 557, 12991.0, 0
993, 63, 17.6, 757, 668.4, 30.0, -19.0, 3.0, 557, 13548.0, 0
1049, 64, 20.3, 730, 627.9, 31.0, 12.0, 1.0, 530, 14078.0, -27
1102, 60, 18.1, 722, 624.0, 27.0, 39.0, -4.0, 522, 14600.0, -8
1159, 49, 9.6, 721, 624.9, 16.0, 55.0, -11.0, 521, 15121.0, -1
1210, 40, 5.9, 744, 659.7, 7.0, 62.0, -9.0, 544, 15665.0, 23
1266, 29, -2.099999999999999, 744, 652.8, -4.0, 58.00000000000001, -11.0, 544, 16209.0, 0
1317, 26, -0.5999999999999996, 744, 652.8, -7.0, 51.00000000000001, -3.0, 544, 16753.0, 0
1371, 25, -1.0, 668, 538.8000000000001, -8.0, 43.0, -1.0, 468, 17221.0, -76
1425, 25, -1.3, 661, 551.0999999999999, -8.0, 35.0, 0.0, 461, 17682.0, -7
1481, 24, -3.299999999999999, 661, 553.1999999999999, -9.0, 26.0, -1.0, 461, 18143.0, 0
1540, 22, -6.1, 643, 526.2, -11.0, 15.0, -2.0, 443, 18586.0, -18
1599, 19, -9.800000000000001, 643, 531.6000000000001, -14.0, 1.0, -3.0, 443, 19029.0, 0
1653, 19, -9.700000000000001, 634, 518.0999999999999, -14.0, -13.0, 0.0, 434, 19463.0, -9
1707, 25, -3.9, 634, 520.7999999999999, -8.0, -21.0, 6.0, 434, 19897.0, 0
1768, 36, 5.5, 624, 505.8, 3.0, -18.0, 11.0, 424, 20321.0, -10
1822, 44, 9.899999999999999, 660, 562.7999999999999, 11.0, -7.0, 8.0, 460, 20781.0, 36
1879, 50, 14.2, 660, 552.0, 17.0, 10.0, 6.0, 460, 21241.0, 0
1933, 46, 8.1, 635, 514.5, 13.0, 23.0, -4.0, 435, 21676.0, -25
1987, 39, 3.0, 654, 550.5, 6.0, 29.0, -7.0, 454, 22130.0, 19
2040, 29, -4.9, 599, 462.2999999999999, -4.0, 25.0, -10.0, 399, 22529.0, -55
2101, 22, -8.699999999999999, 595, 472.8000000000001, -11.0, 14.0, -7.0, 395, 22924.0, -4
2157, 21, -7.499999999999999, 567, 432.0, -12.0, 2.0, -1.0, 367, 23291.0, -28
2214, 30, 2.6, 555, 422.4, -3.0, -1.0, 9.0, 355, 23646.0, -12
2271, 35, 3.8, 538, 400.5, 2.0, 1.0, 5.0, 338, 23984.0, -17
2324, 39, 6.3, 534, 399.6, 6.0, 7.0, 4.0, 334, 24318.0, -4
2380, 39, 4.899999999999999, 504, 355.8, 6.0, 13.0, 0.0, 304, 24622.0, -30
2433, 36, 1.9, 488, 340.7999999999999, 3.0, 16.0, -3.0, 288, 24910.0, -16
2490, 32, -1.1, 479, 332.1, -1.0, 15.0, -4.0, 279, 25189.0, -9
2544, 30, -1.6, 475, 328.8, -3.0, 12.0, -2.0, 275, 25464.0, -4
2602, 27, -4.5, 446, 286.5, -6.0, 6.0, -3.0, 246, 25710.0, -29
2661, 29, -1.2, 446, 295.2, -4.0, 2.0, 2.0, 246, 25956.0, 0
2711, 36, 5.8, 433, 275.7, 3.0, 5.0, 7.0, 233, 26189.0, -13
2767, 40, 7.4, 435, 282.6, 7.0, 12.0, 4.0, 235, 26424.0, 2
2819, 31, -4.7, 429, 273.0, -2.0, 10.0, -9.0, 229, 26653.0, -6
2873, 32, 0.8, 428, 273.3, -1.0, 9.0, 1.0, 228, 26881.0, -1
2930, 32, 0.2000000000000001, 427, 272.1, -1.0, 8.0, 0.0, 227, 27108.0, -1
2988, 34, 2.5, 401, 233.4, 1.0, 9.0, 2.0, 201, 27309.0, -26
3048, 39, 7.6, 412, 257.7, 6.0, 15.0, 5.0, 212, 27521.0, 11
3105, 37, 3.3, 393, 225.9, 4.0, 19.0, -2.0, 193, 27714.0, -19
3159, 29, -4.9, 384, 218.1, -4.0, 15.0, -8.0, 184, 27898.0, -9
3213, 28, -2.5, 391, 231.3, -5.0, 10.0, -1.0, 191, 28089.0, 7
3263, 28, -2.5, 399, 241.2, -5.0, 5.0, 0.0, 199, 28288.0, 8
3320, 31, 0.6000000000000001, 393, 229.8, -2.0, 3.0, 3.0, 193, 28481.0, -6
3379, 33, 1.3, 376, 206.1, 0.0, 3.0, 2.0, 176, 28657.0, -17
3430, 33, 0.3, 376, 211.2, 0.0, 3.0, 0.0, 176, 28833.0, 0
3489, 32, -0.9, 366, 196.2, -1.0, 2.0, -1.0, 166, 28999.0, -10
3540, 35, 3.1, 370, 205.2, 2.0, 4.0, 3.0, 170, 29169.0, 4
3597, 35, 1.8, 370, 204.0, 2.0, 6.0, 0.0, 170, 29339.0, 0
3650, 37, 4.4, 370, 204.0, 4.0, 10.0, 2.0, 170, 29509.0, 0
3705, 31, -3.4, 372, 207.0, -2.0, 8.0, -6.0, 172, 29681.0, 2
3761, 30, -1.8, 361, 189.9, -3.0, 5.0, -1.0, 161, 29842.0, -11
3819, 33, 2.0, 362, 194.7, 0.0, 5.0, 3.0, 162, 30004.0, 1
3872, 35, 2.9, 357, 186.9, 2.0, 7.0, 2.0, 157, 30161.0, -5
3928, 31, -2.7, 364, 198.9, -2.0, 5.0, -4.0, 164, 30325.0, 7
3982, 29, -3.3, 361, 192.3, -4.0, 1.0, -2.0, 161, 30486.0, -3
4037, 30, -1.5, 357, 187.2, -3.0, -2.0, 1.0, 157, 30643.0, -4
4092, 33, 1.3, 357, 188.4, 0.0, -2.0, 3.0, 157, 30800.0, 0
4147, 32, -1.4, 357, 188.4, -1.0, -3.0, -1.0, 157, 30957.0, 0
4209, 34, 1.4, 370, 207.9, 1.0, -2.0, 2.0, 170, 31127.0, 13
4263, 37, 4.1, 357, 184.5, 4.0, 2.0, 3.0, 157, 31284.0, -13
4319, 35, 0.6000000000000001, 364, 198.9, 2.0, 4.0, -2.0, 164, 31448.0, 7
4372, 35, 1.8, 362, 193.8, 2.0, 6.0, 0.0, 162, 31610.0, -2
4423, 33, -0.3999999999999999, 357, 186.9, 0.0, 6.0, -2.0, 157, 31767.0, -5
4478, 35, 3.0, 357, 188.4, 2.0, 8.0, 2.0, 157, 31924.0, 0
4533, 39, 7.0, 357, 188.4, 6.0, 14.0, 4.0, 157, 32081.0, 0
4590, 34, -0.3999999999999999, 361, 194.4, 1.0, 15.0, -5.0, 161, 32242.0, 4
4643, 28, -5.0, 348, 173.7, -5.0, 10.0, -6.0, 148, 32390.0, -13
4701, 28, -2.5, 348, 177.6, -5.0, 5.0, 0.0, 148, 32538.0, 0
4754, 32, 1.8, 355, 188.1, -1.0, 4.0, 4.0, 155, 32693.0, 7
4809, 31, -1.5, 357, 189.0, -2.0, 2.0, -1.0, 157, 32850.0, 2
4864, 33, 1.2, 353, 182.4, 0.0, 2.0, 2.0, 153, 33003.0, -4
4915, 36, 3.8, 355, 186.6, 3.0, 5.0, 3.0, 155, 33158.0, 2
4970, 35, 1.4, 349, 177.0, 2.0, 7.0, -1.0, 149, 33307.0, -6
5025, 30, -3.9, 348, 177.3, -3.0, 4.0, -5.0, 148, 33455.0, -1
5081, 29, -2.9, 355, 188.1, -4.0, 0.0, -1.0, 155, 33610.0, 7
5135, 32, 0.8, 357, 189.0, -1.0, -1.0, 3.0, 157, 33767.0, 2
5190, 34, 1.6, 364, 198.9, 1.0, 0.0, 2.0, 164, 33931.0, 7
5244, 37, 4.3, 353, 180.3, 4.0, 4.0, 3.0, 153, 34084.0, -11
5300, 36, 2.0, 353, 183.6, 3.0, 7.0, -1.0, 153, 34237.0, 0
5360, 36, 2.8, 349, 177.6, 3.0, 10.0, 0.0, 149, 34386.0, -4
5412, 33, -0.5, 364, 201.3, 0.0, 10.0, -3.0, 164, 34550.0, 15
5469, 33, 1.0, 355, 183.3, 0.0, 10.0, 0.0, 155, 34705.0, -9
5523, 31, -1.4, 349, 177.0, -2.0, 8.0, -2.0, 149, 34854.0, -6
5579, 29, -3.0, 357, 190.8, -4.0, 4.0, -2.0, 157, 35011.0, 8
5638, 32, 1.2, 357, 188.4, -1.0, 3.0, 3.0, 157, 35168.0, 0
5690, 39, 8.0, 349, 176.4, 6.0, 9.0, 7.0, 149, 35317.0, -8
5751, 39, 5.1, 349, 178.8, 6.0, 15.0, 0.0, 149, 35466.0, 0
5807, 31, -3.9, 347, 175.8, -2.0, 13.0, -8.0, 147, 35613.0, -2
5859, 26, -6.1, 353, 185.4, -7.0, 6.0, -5.0, 153, 35766.0, 6
5913, 28, -1.9, 345, 171.6, -5.0, 1.0, 2.0, 145, 35911.0, -8
5966, 31, 0.2, 349, 180.0, -2.0, -1.0, 3.0, 149, 36060.0, 4
6021, 32, -0.3, 348, 177.3, -1.0, -2.0, 1.0, 148, 36208.0, -1
6074, 31, -2.1, 349, 179.1, -2.0, -4.0, -1.0, 149, 36357.0, 1
6131, 34, 1.8, 345, 172.8, 1.0, -3.0, 3.0, 145, 36502.0, -4
6186, 37, 4.0, 345, 174.0, 4.0, 1.0, 3.0, 145, 36647.0, 0
6241, 39, 5.3, 353, 186.0, 6.0, 7.0, 2.0, 153, 36800.0, 8
6294, 37, 2.5, 326, 143.1, 4.0, 11.0, -2.0, 126, 36926.0, -27
6350, 32, -2.1, 348, 184.2, -1.0, 10.0, -5.0, 148, 37074.0, 22
6406, 31, -0.9, 355, 188.1, -2.0, 8.0, -1.0, 155, 37229.0, 7
6463, 35, 4.2, 357, 189.0, 2.0, 10.0, 4.0, 157, 37386.0, 2
6521, 33, 0.0, 348, 174.9, 0.0, 10.0, -2.0, 148, 37534.0, -9
6579, 33, 1.0, 345, 173.1, 0.0, 10.0, 0.0, 145, 37679.0, -3
6633, 32, -0.2, 349, 180.0, -1.0, 9.0, -1.0, 149, 37828.0, 4
6690, 31, -1.0, 347, 175.8, -2.0, 7.0, -1.0, 147, 37975.0, -2
6748, 31, -0.7, 353, 185.4, -2.0, 5.0, 0.0, 153, 38128.0, 6
6802, 32, 0.3, 355, 186.6, -1.0, 4.0, 1.0, 155, 38283.0, 2
6859, 31, -1.5, 348, 175.5, -2.0, 2.0, -1.0, 148, 38431.0, -7
6912, 31, -1.2, 355, 188.1, -2.0, 0.0, 0.0, 155, 38586.0, 7
6969, 31, -1.4, 355, 186.0, -2.0, -2.0, 0.0, 155, 38741.0, 0
7027, 32, -0.4, 348, 175.5, -1.0, -3.0, 1.0, 148, 38889.0, -7
7080, 34, 1.4, 345, 173.1, 1.0, -2.0, 2.0, 145, 39034.0, -3
7136, 35, 1.7, 372, 214.5, 2.0, 0.0, 1.0, 172, 39206.0, 27
7192, 33, -1.0, 357, 183.9, 0.0, 0.0, -2.0, 157, 39363.0, -15
7246, 33, 0.0, 348, 174.9, 0.0, 0.0, 0.0, 148, 39511.0, -9
7300, 40, 8.4, 349, 179.1, 7.0, 7.0, 7.0, 149, 39660.0, 1
7357, 47, 14.0, 353, 184.8, 14.0, 21.0, 7.0, 153, 39813.0, 4
7411, 41, 4.7, 348, 176.1, 8.0, 29.0, -6.0, 148, 39961.0, -5
7465, 29, -5.9, 348, 177.6, -4.0, 25.0, -12.0, 148, 40109.0, 0
7522, 19, -12.3, 345, 173.1, -14.0, 11.0, -10.0, 145, 40254.0, -3
7579, 22, -5.1, 340, 166.5, -11.0, 0.0, 3.0, 140, 40394.00000000001, -5
7631, 31, 3.1, 348, 180.0, -2.0, -2.0, 9.0, 148, 40542.0, 8
7688, 35, 3.2, 355, 188.1, 2.0, 0.0, 4.0, 155, 40697.0, 7
7741, 34, 0.2, 355, 186.0, 1.0, 1.0, -1.0, 155, 40852.0, 0
7792, 31, -2.8, 355, 186.0, -2.0, -1.0, -3.0, 155, 41007.0, 0
7849, 33, 0.9, 349, 177.0, 0.0, -1.0, 2.0, 149, 41156.00000000001, -6
7903, 33, -0.1, 349, 178.8, 0.0, -1.0, 0.0, 149, 41305.00000000001, 0
7960, 33, -0.1, 349, 178.8, 0.0, -1.0, 0.0, 149, 41454.0, 0
8015, 33, -0.1, 353, 184.8, 0.0, -1.0, 0.0, 153, 41607.0, 4
8069, 35, 2.3, 353, 183.6, 2.0, 1.0, 2.0, 153, 41760.0, 0
8127, 35, 1.5, 348, 176.1, 2.0, 3.0, 0.0, 148, 41908.0, -5
8180, 33, -0.7, 353, 185.1, 0.0, 3.0, -2.0, 153, 42061.0, 5
8239, 34, 1.5, 345, 171.6, 1.0, 4.0, 1.0, 145, 42206.0, -8
8292, 34, 1.1, 355, 189.0, 1.0, 5.0, 0.0, 155, 42361.0, 10
8349, 36, 3.6, 357, 189.0, 3.0, 8.0, 2.0, 157, 42518.0, 2
8403, 38, 5.3, 357, 188.4, 5.0, 13.0, 2.0, 157, 42675.0, 0
8454, 35, 1.2, 364, 198.9, 2.0, 15.0, -3.0, 164, 42839.0, 7
8504, 31, -1.9, 349, 174.3, -2.0, 13.0, -4.0, 149, 42988.0, -15
8561, 31, -0.1, 349, 178.8, -2.0, 11.0, 0.0, 149, 43137.0, 0
8619, 30, -1.5, 347, 175.8, -3.0, 8.0, -1.0, 147, 43284.0, -2
8669, 28, -3.7, 345, 173.4, -5.0, 3.0, -2.0, 145, 43429.0, -2
8719, 28, -3.2, 345, 174.0, -5.0, -2.0, 0.0, 145, 43574.0, 0
8771, 30, -1.3, 353, 186.0, -3.0, -5.0, 2.0, 153, 43727.0, 8
8826, 33, 1.0, 345, 171.6, 0.0, -5.0, 3.0, 145, 43872.0, -8
8879, 34, 0.7, 349, 180.0, 1.0, -4.0, 1.0, 149, 44021.0, 4
8933, 33, -0.9, 349, 178.8, 0.0, -4.0, -1.0, 149, 44170.0, 0
8990, 34, 0.7999999999999999, 349, 178.8, 1.0, -3.0, 1.0, 149, 44319.00000000001, 0
9044, 37, 4.0, 353, 184.8, 4.0, 1.0, 3.0, 153, 44472.0, 4
9099, 35, 0.5, 348, 176.1, 2.0, 3.0, -2.0, 148, 44620.00000000001, -5
9152, 34, 0.5, 349, 179.1, 1.0, 4.0, -1.0, 149, 44769.00000000001, 1
9208, 35, 2.3, 349, 178.8, 2.0, 6.0, 1.0, 149, 44918.0, 0
9262, 37, 4.4, 357, 190.8, 4.0, 10.0, 2.0, 157, 45075.0, 8
9316, 38, 5.0, 355, 185.4, 5.0, 15.0, 1.0, 155, 45230.00000000001, -2
9368, 35, 1.4, 355, 186.0, 2.0, 17.0, -3.0, 155, 45385.0, 0
9424, 31, -1.7, 349, 177.0, -2.0, 15.0, -4.0, 149, 45534.0, -6
9479, 28, -3.5, 345, 172.8, -5.0, 10.0, -3.0, 145, 45679.0, -4
9530, 29, -1.3, 353, 186.0, -4.0, 6.0, 1.0, 153, 45832.00000000001, 8
9584, 30, -1.0, 340, 164.1, -3.0, 3.0, 1.0, 140, 45972.0, -13
9640, 33, 1.8, 348, 180.0, 0.0, 3.0, 3.0, 148, 46120.0, 8
9699, 33, 0.3, 349, 179.1, 0.0, 3.0, 0.0, 149, 46269.0, 1
9752, 29, -4.5, 347, 175.8, -4.0, -1.0, -4.0, 147, 46416.0, -2
9810, 28, -4.1, 348, 177.9, -5.0, -6.0, -1.0, 148, 46564.00000000001, 1
9863, 31, -0.5, 359, 194.1, -2.0, -8.0, 3.0, 159, 46723.0, 11
9921, 33, 0.2, 355, 184.8, 0.0, -8.0, 2.0, 155, 46878.0, -4
9975, 35, 1.6, 353, 183.0, 2.0, -6.0, 2.0, 153, 47031.0, -2
10029, 37, 3.2, 353, 183.6, 4.0, -2.0, 2.0, 153, 47184.0, 0
10083, 37, 2.6, 353, 183.6, 4.0, 2.0, 0.0, 153, 47337.0, 0
10139, 38, 4.2, 347, 174.6, 5.0, 7.0, 1.0, 147, 47484.0, -6
10198, 35, 0.6000000000000001, 338, 162.9, 2.0, 9.0, -3.0, 138, 47622.0, -9
10251, 33, -0.1, 326, 147.6, 0.0, 9.0, -2.0, 126, 47748.0, -12
10305, 34, 2.1, 340, 172.2, 1.0, 10.0, 1.0, 140, 47888.0, 14
10360, 35, 2.9, 326, 147.0, 2.0, 12.0, 1.0, 126, 48014.0, -14
10418, 33, 0.2000000000000002, 326, 151.2, 0.0, 12.0, -2.0, 126, 48140.0, 0
10477, 33, 1.2, 322, 145.2, 0.0, 12.0, 0.0, 122, 48262.0, -4
10529, 35, 3.6, 302, 116.4, 2.0, 14.0, 2.0, 102, 48364.0, -20
